DataTime,t_Envir,t_Request_AntColumn,t_Exit_AntColumn,t_Probe_AntColumn,t_Request_PostColumn,t_Exit_PostColumn,t_Probe_PostColumn,t_Request_Pallet_CU,t_Exit_Pallet_CU,t_Probe_Pallet_CU,t_Request_Pallet_QE,t_Exit_Pallet_QE,t_Probe_Pallet_QE
2021-07-05 14:34:19,25.5,20,20,22,20,20,20,20,20,22,20,20,23
2021-07-05 14:34:19,25.5,20,20,22,20,20,20,20,20,22,20,20,23
2021-07-05 14:34:20,25.5,20,20,22,20,20,20,20,20,22,20,20,23
2021-07-05 14:34:21,25.5,20,20,22,20,20,20,20,20,22,20,20,23
2021-07-05 14:34:21,25.5,20,20,22,20,20,20,20,20,22,20,20,23
2021-07-05 14:34:21,25.5,20,20,22,20,20,20,20,20,22,20,20,23
2021-07-05 14:34:21,25.5,20,20,22,20,20,20,20,20,22,20,20,23
2021-07-05 14:34:21,25.5,20,20,22,20,20,20,20,20,22,20,20,23
2021-07-05 14:34:21,25.5,20,20,22,20,20,20,20,20,22,20,20,23
2021-07-05 14:34:22,25.5,20,20,22,20,20,20,20,20,22,20,20,23
2021-07-05 14:34:22,25.5,20,20,22,20,20,20,20,20,22,20,20,23
2021-07-05 14:34:22,25.5,20,20,22,20,20,20,20,20,22,20,20,23
2021-07-05 14:34:22,25.5,20,20,22,20,20,20,20,20,22,20,20,23
2021-07-05 14:34:22,25.5,20,20,22,20,20,20,20,20,22,20,20,23
2021-07-05 14:34:39,25.5,20,20,22,20,20,20,20,20,22,20,20,23
2021-07-05 14:35:01,25.5,20,20,22,20,20,20,20,20,22,20,20,23
2021-07-05 14:35:18,25.5,20,20,22,20,20,20,20,20,22,20,20,23
2021-07-05 14:35:19,25.5,20,20,22,20,20,20,20,20,22,20,20,23
2021-07-05 14:35:19,25.5,20,20,22,20,20,20,20,20,22,20,20,23
2021-07-05 14:35:19,25.5,20,20,22,20,20,20,20,20,22,20,20,23
2021-07-05 14:35:20,25.5,20,20,22,20,20,20,20,20,22,20,20,23
2021-07-05 14:35:20,25.5,20,20,22,20,20,20,20,20,22,20,20,23
2021-07-05 14:35:20,25.5,20,20,22,20,20,20,20,20,22,20,20,23
2021-07-05 14:35:20,25.5,20,20,22,20,20,20,20,20,22,20,20,23
2021-07-05 14:35:21,25.5,20,20,22,20,20,20,20,20,22,20,20,23
2021-07-05 14:35:21,25.5,20,20,22,20,20,20,20,20,22,20,20,23
2021-07-05 14:35:21,25.5,20,20,22,20,20,20,20,20,22,20,20,23
2021-07-05 14:35:21,25.5,20,20,22,20,20,20,20,20,22,20,20,23
2021-07-05 14:35:22,25.5,20,20,22,20,20,20,20,20,22,20,20,23
2021-07-05 14:35:22,25.5,20,20,22,20,20,20,20,20,22,20,20,23
2021-07-05 14:35:22,25.5,20,20,22,20,20,20,20,20,22,20,20,23
2021-07-05 14:35:22,25.5,20,20,22,20,20,20,20,20,22,20,20,23
2021-07-05 14:35:22,25.5,20,20,22,20,20,20,20,20,22,20,20,23
2021-07-05 14:35:23,25.5,20,20,22,20,20,20,20,20,22,20,20,23
2021-07-05 14:35:23,25.5,20,20,22,20,20,20,20,20,22,20,20,23
2021-07-05 14:35:23,25.5,20,20,22,20,20,20,20,20,22,20,20,23
2021-07-05 14:35:23,25.5,20,20,22,20,20,20,20,20,22,20,20,23
2021-07-05 14:35:23,25.5,20,20,22,20,20,20,20,20,22,20,20,23
2021-07-05 14:35:24,25.5,20,20,22,20,20,20,20,20,22,20,20,23
2021-07-05 14:35:24,25.5,20,20,22,20,20,20,20,20,22,20,20,23
2021-07-05 14:35:24,25.5,20,20,22,20,20,20,20,20,22,20,20,23
2021-07-05 14:35:24,25.5,20,20,22,20,20,20,20,20,22,20,20,23
2021-07-05 14:35:24,25.5,20,20,22,20,20,20,20,20,22,20,20,23
2021-07-05 14:35:25,25.5,20,20,22,20,20,20,20,20,22,20,20,23
2021-07-05 14:35:25,25.5,20,20,22,20,20,20,20,20,22,20,20,23
2021-07-05 14:35:25,25.5,20,20,22,20,20,20,20,20,22,20,20,23
2021-07-05 14:35:26,25.5,20,20,22,20,20,20,20,20,22,20,20,23
2021-07-05 14:35:26,25.5,20,20,22,20,20,20,20,20,22,20,20,23
2021-07-05 14:35:26,25.5,20,20,22,20,20,20,20,20,22,20,20,23
2021-07-05 14:35:57,25.6,20,20,22,20,20,20,20,20,22,20,20,23
2021-07-05 14:37:01,25.6,20,20,22,20,20,20,20,20,22,20,20,23
2021-07-05 14:37:31,25.6,20,20,22,20,20,20,20,20,22,20,20,23
2021-07-05 14:37:31,25.6,20,20,22,20,20,20,20,20,22,20,20,23
2021-07-05 14:37:32,25.6,20,20,22,20,20,20,20,20,22,20,20,23
2021-07-05 14:37:32,25.6,20,20,22,20,20,20,20,20,22,20,20,23
2021-07-05 14:37:32,25.6,20,20,22,20,20,20,20,20,22,20,20,23
2021-07-05 14:37:32,25.6,20,20,22,20,20,20,20,20,22,20,20,23
2021-07-05 14:37:33,25.6,20,20,22,20,20,20,20,20,22,20,20,23
2021-07-05 14:37:33,25.6,20,20,22,20,20,20,20,20,22,20,20,23
2021-07-05 14:37:33,25.6,20,20,22,20,20,20,20,20,22,20,20,23
2021-07-05 14:37:33,25.6,20,20,22,20,20,20,20,20,22,20,20,23
2021-07-05 14:37:34,25.6,20,20,22,20,20,20,20,20,22,20,20,23
2021-07-05 14:37:34,25.6,20,20,22,20,20,20,20,20,22,20,20,23
2021-07-05 14:37:34,25.6,20,20,22,20,20,20,20,20,22,20,20,23
2021-07-05 14:37:34,25.6,20,20,22,20,20,20,20,20,22,20,20,23
2021-07-05 14:37:35,25.6,20,20,22,20,20,20,20,20,22,20,20,23
2021-07-05 14:37:38,25.6,20,20,22,20,20,20,20,20,22,20,20,23
2021-07-05 14:37:48,25.6,20,20,22,20,20,20,20,20,22,20,20,23
2021-07-05 14:37:49,25.6,20,20,22,20,20,20,20,20,22,20,20,23
2021-07-05 14:37:49,25.6,20,20,22,20,20,20,20,20,22,20,20,23
2021-07-05 14:37:50,25.6,20,20,22,20,20,20,20,20,22,20,20,23
2021-07-05 14:37:50,25.6,20,20,22,20,20,20,20,20,22,20,20,23
2021-07-05 14:37:51,25.6,20,20,22,20,20,20,20,20,22,20,20,23
2021-07-05 14:37:52,25.6,20,20,22,20,20,20,20,20,22,20,20,23
2021-07-05 14:37:53,25.6,20,20,22,20,20,20,20,20,22,20,20,23
2021-07-05 14:38:19,25.6,20,20,22,20,20,20,20,20,22,20,20,23
2021-07-05 14:38:21,25.6,20,20,22,20,20,20,20,20,22,20,20,23
2021-07-05 14:38:21,25.6,20,20,22,20,20,20,20,20,22,20,20,23
2021-07-05 14:38:22,25.6,20,20,22,20,20,20,20,20,22,20,20,23
2021-07-05 14:38:22,25.6,20,20,22,20,20,20,20,20,22,20,20,23
2021-07-05 14:38:23,25.6,20,20,22,20,20,20,20,20,22,20,20,23
2021-07-05 14:38:23,25.6,20,20,22,20,20,20,20,20,22,20,20,23
2021-07-05 14:38:23,25.6,20,20,22,20,20,20,20,20,22,20,20,23
2021-07-05 14:38:23,25.6,20,20,22,20,20,20,20,20,22,20,20,23
2021-07-05 14:38:24,25.7,20,20,22,20,20,20,20,20,22,20,20,23
2021-07-05 14:38:24,25.7,20,20,22,20,20,20,20,20,22,20,20,23
2021-07-05 14:38:25,25.7,20,20,22,20,20,20,20,20,22,20,20,23
2021-07-05 14:38:25,25.7,20,20,22,20,20,20,20,20,22,20,20,23
2021-07-05 14:38:28,25.7,20,20,22,20,20,20,20,20,22,20,20,23
2021-07-05 14:38:28,25.7,20,20,22,20,20,20,20,20,22,20,20,23
2021-07-05 14:38:28,25.7,20,20,22,20,20,20,20,20,22,20,20,23
2021-07-05 14:38:29,25.7,20,20,22,20,20,20,20,20,22,20,20,23
2021-07-05 14:38:29,25.7,20,20,22,20,20,20,20,20,22,20,20,23
2021-07-05 14:38:29,25.7,20,20,22,20,20,20,20,20,22,20,20,23
2021-07-05 14:38:29,25.7,20,20,22,20,20,20,20,20,22,20,20,23
2021-07-05 14:38:30,25.7,20,20,22,20,20,20,20,20,22,20,20,23
2021-07-05 14:38:30,25.7,20,20,22,20,20,20,20,20,22,20,20,23
2021-07-05 14:38:30,25.7,20,20,22,20,20,20,20,20,22,20,20,23
2021-07-05 14:38:31,25.7,20,20,22,20,20,20,20,20,22,20,20,23
2021-07-05 14:38:31,25.7,20,20,22,20,20,20,20,20,22,20,20,23
2021-07-05 14:38:31,25.7,20,20,22,20,20,20,20,20,22,20,20,23
2021-07-05 14:38:31,25.7,20,20,22,20,20,20,20,20,22,20,20,23
2021-07-05 14:38:32,25.7,20,20,22,20,20,20,20,20,22,20,20,23
2021-07-05 14:38:32,25.7,20,20,22,20,20,20,20,20,22,20,20,23
2021-07-05 14:38:32,25.7,20,20,22,20,20,20,20,20,22,20,20,23
2021-07-05 14:38:32,25.7,20,20,22,20,20,20,20,20,22,20,20,23
2021-07-05 14:38:33,25.7,20,20,22,20,20,20,20,20,22,20,20,23
2021-07-05 14:38:33,25.7,20,20,22,20,20,20,20,20,22,20,20,23
2021-07-05 14:38:33,25.7,20,20,22,20,20,20,20,20,22,20,20,23
2021-07-05 14:38:33,25.7,20,20,22,20,20,20,20,20,22,20,20,23
2021-07-05 14:38:34,25.7,20,20,22,20,20,20,20,20,22,20,20,23
2021-07-05 14:38:34,25.7,20,20,22,20,20,20,20,20,22,20,20,23
2021-07-05 14:39:01,25.7,20,20,22,20,20,20,20,20,22,20,20,23
2021-07-05 14:39:04,25.7,20,20,22,20,20,20,20,20,22,20,20,23
2021-07-05 14:39:05,25.7,20,20,22,20,20,20,20,20,22,20,20,23
2021-07-05 14:39:09,25.7,20,20,22,20,20,20,20,20,22,20,20,23
2021-07-05 14:39:11,25.7,20,20,22,20,20,20,20,20,22,20,20,23
2021-07-05 14:39:12,25.7,20,20,22,20,20,20,20,20,22,20,20,23
2021-07-05 14:41:01,25.7,20,20,22,20,20,20,20,20,22,20,20,23
2021-07-05 14:43:01,25.7,20,20,22,20,20,20,20,20,22,20,20,23
2021-07-05 14:45:01,25.8,20,20,22,20,20,20,20,20,22,20,20,23
2021-07-05 14:47:01,25.9,20,20,22,20,20,20,20,20,22,20,20,23
2021-07-05 14:49:01,26.0,20,20,22,20,20,20,20,20,22,20,20,23
2021-07-05 14:51:01,26.0,20,20,22,20,20,20,20,20,22,20,20,23
2021-07-05 14:53:01,26.0,20,20,22,20,20,20,20,20,22,20,20,23
2021-07-05 14:55:01,26.0,20,20,22,20,20,20,20,20,22,20,20,23
2021-07-05 14:57:01,26.0,20,20,22,20,20,20,20,20,22,20,20,23
2021-07-05 14:59:01,26.1,20,20,22,20,20,20,20,20,22,20,20,23
2021-07-05 15:01:01,26.1,20,20,22,20,20,20,20,20,22,20,20,23
2021-07-05 15:03:01,26.1,20,20,22,20,20,20,20,20,22,20,20,23
2021-07-05 15:05:01,26.1,20,20,22,20,20,20,20,20,22,20,20,23
2021-07-05 15:07:01,25.9,20,20,22,20,20,20,20,20,22,20,20,23
2021-07-05 15:09:01,26.0,20,20,22,20,20,20,20,20,22,20,20,23
2021-07-05 15:11:01,26.1,20,20,22,20,20,20,20,20,22,20,20,23
2021-07-05 15:13:01,26.0,20,20,22,20,20,20,20,20,22,20,20,23
2021-07-05 15:15:01,26.0,20,20,22,20,20,20,20,20,22,20,20,23
2021-07-05 15:17:01,26.0,20,20,22,20,20,20,20,20,22,20,20,23
2021-07-05 15:19:01,25.9,20,20,22,20,20,20,20,20,22,20,20,23
2021-07-05 15:21:01,26.0,20,20,22,20,20,20,20,20,22,20,20,23
2021-07-05 15:23:01,26.0,20,20,22,20,20,20,20,20,22,20,20,23
2021-07-05 15:25:01,25.9,20,20,22,20,20,20,20,20,22,20,20,23
2021-07-05 15:27:01,25.9,20,20,22,20,20,20,20,20,22,20,20,23
2021-07-05 15:29:01,25.9,20,20,22,20,20,20,20,20,22,20,20,23
2021-07-05 15:31:01,26.0,20,20,22,20,20,20,20,20,22,20,20,23
2021-07-05 15:33:01,26.0,20,20,22,20,20,20,20,20,22,20,20,23
2021-07-05 15:35:01,26.1,20,20,22,20,20,20,20,20,22,20,20,23
2021-07-05 15:37:01,26.1,20,20,22,20,20,20,20,20,22,20,20,23
2021-07-05 15:39:01,26.1,20,20,22,20,20,20,20,20,22,20,20,23
2021-07-05 15:41:01,26.1,20,20,22,20,20,20,20,20,22,20,20,23
2021-07-05 15:43:01,26.1,20,20,22,20,20,20,20,20,22,20,20,23
2021-07-05 15:45:01,26.0,20,20,22,20,20,20,20,20,22,20,20,23
2021-07-05 15:47:01,26.0,20,20,22,20,20,20,20,20,22,20,20,23
2021-07-05 15:48:01,26.0,20,20,22,20,20,20,20,20,22,20,20,23
2021-07-05 15:50:01,26.0,20,20,22,20,20,20,20,20,22,20,20,23
2021-07-05 15:52:01,26.0,20,20,22,20,20,20,20,20,22,20,20,23
2021-07-05 15:54:01,26.1,20,20,22,20,20,20,20,20,22,20,20,23
2021-07-05 15:56:01,26.1,20,20,22,20,20,20,20,20,22,20,20,23
2021-07-05 15:58:01,26.0,20,20,22,20,20,20,20,20,22,20,20,23
2021-07-05 16:00:01,26.1,20,20,22,20,20,20,20,20,22,20,20,23
2021-07-05 16:02:01,26.1,20,20,22,20,20,20,20,20,22,20,20,23
2021-07-05 16:04:01,26.1,20,20,22,20,20,20,20,20,22,20,20,23
2021-07-05 16:06:01,26.1,20,20,22,20,20,20,20,20,22,20,20,23
2021-07-05 16:08:01,26.2,20,20,22,20,20,20,20,20,22,20,20,23
2021-07-05 16:10:01,26.2,20,20,22,20,20,20,20,20,22,20,20,23
2021-07-05 16:12:01,26.1,20,20,22,20,20,20,20,20,22,20,20,23
2021-07-05 16:14:01,26.1,20,20,22,20,20,20,20,20,22,20,20,23
2021-07-05 16:16:01,26.1,20,20,22,20,20,20,20,20,22,20,20,23
2021-07-05 16:18:01,26.0,20,20,22,20,20,20,20,20,22,20,20,23
2021-07-05 16:20:01,26.1,20,20,22,20,20,20,20,20,22,20,20,23
2021-07-05 16:22:01,26.1,20,20,22,20,20,20,20,20,22,20,20,23
2021-07-05 16:24:01,26.1,20,20,22,20,20,20,20,20,22,20,20,23
2021-07-05 16:26:01,26.1,20,20,22,20,20,20,20,20,22,20,20,23
2021-07-05 16:28:01,26.1,20,20,22,20,20,20,20,20,22,20,20,22
2021-07-05 16:30:01,26.1,20,20,22,20,20,20,20,20,22,20,20,23
2021-07-05 16:32:01,26.1,20,20,22,20,20,20,20,20,22,20,20,23
2021-07-05 16:34:01,26.1,20,20,22,20,20,20,20,20,23,20,20,23
2021-07-05 16:36:01,26.1,20,20,22,20,20,20,20,20,23,20,20,22
2021-07-05 16:38:01,26.1,20,20,22,20,20,20,20,20,23,20,20,23
2021-07-05 16:40:01,26.1,20,20,22,20,20,20,20,20,23,20,20,23
2021-07-05 16:42:01,26.1,20,20,22,20,20,20,20,20,23,20,20,23
2021-07-05 16:44:01,26.1,20,20,22,20,20,20,20,20,23,20,20,23
2021-07-05 16:46:01,26.1,20,20,22,20,20,20,20,20,23,20,20,23
2021-07-05 16:48:01,26.2,20,20,22,20,20,20,20,20,23,20,20,23
2021-07-05 16:50:01,26.2,20,20,22,20,20,20,20,20,23,20,20,23
2021-07-05 16:52:01,26.2,20,20,22,20,20,20,20,20,23,20,20,23
2021-07-05 16:54:01,26.2,20,20,22,20,20,20,20,20,23,20,20,23
2021-07-05 16:56:01,26.2,20,20,22,20,20,20,20,20,23,20,20,23
2021-07-05 16:58:01,26.2,20,20,22,20,20,20,20,20,23,20,20,23
2021-07-05 17:00:01,26.1,20,20,22,20,20,20,20,20,23,20,20,23
2021-07-05 17:02:01,26.2,20,20,22,20,20,20,20,20,23,20,20,23
2021-07-05 17:04:01,26.1,20,20,22,20,20,20,20,20,23,20,20,23
2021-07-05 17:06:01,26.1,20,20,22,20,20,20,20,20,23,20,20,23
2021-07-05 17:08:01,26.1,20,20,22,20,20,20,20,20,23,20,20,23
2021-07-05 17:13:01,26.3,20,20,22,20,20,20,20,20,23,20,20,24
2021-07-05 17:15:01,26.3,20,20,22,20,20,20,20,20,23,20,20,24
2021-07-05 17:17:01,26.4,20,20,22,20,20,20,20,20,23,20,20,24
2021-07-05 17:19:01,26.4,20,20,23,20,20,20,20,20,23,20,20,24
2021-07-05 17:33:01,26.9,20,20,24,20,20,20,20,20,23,20,20,24
2021-07-05 17:43:01,26.8,20,20,24,20,20,20,20,20,23,20,20,23
2021-07-05 17:53:01,26.4,20,20,23,20,20,20,20,20,23,20,20,23
2021-07-05 18:03:01,26.3,20,20,23,20,20,20,20,20,23,20,20,23
2021-07-05 18:13:01,26.2,20,20,23,20,20,20,20,20,23,20,20,23
2021-07-05 18:23:01,26.1,20,20,22,20,20,20,20,20,23,20,20,23
2021-07-05 18:33:01,26.1,20,20,22,20,20,20,20,20,23,20,20,23
2021-07-05 18:43:01,26.0,20,20,22,20,20,20,20,20,23,20,20,23
2021-07-05 18:53:01,26.1,20,20,22,20,20,20,20,20,22,20,20,23
2021-07-05 19:03:01,26.0,20,20,22,20,20,20,20,20,22,20,20,23
2021-07-05 19:13:01,26.1,20,20,22,20,20,20,20,20,23,20,20,23
2021-07-05 19:23:01,26.1,20,20,22,20,20,20,20,20,23,20,20,23
2021-07-05 19:33:01,26.1,20,20,22,20,20,20,20,20,23,20,20,23
2021-07-05 19:43:01,26.0,20,20,22,20,20,20,20,20,23,20,20,23
2021-07-05 19:53:01,25.9,20,20,22,20,20,20,20,20,23,20,20,23
2021-07-05 20:03:01,25.9,20,20,22,20,20,20,20,20,23,20,20,23
2021-07-05 20:13:01,25.9,20,20,22,20,20,20,20,20,23,20,20,23
2021-07-05 20:23:01,25.9,20,20,22,20,20,20,20,20,23,20,20,23
2021-07-05 20:33:01,25.8,20,20,22,20,20,20,20,20,22,20,20,23
2021-07-05 20:43:01,25.7,20,20,22,20,20,20,20,20,23,20,20,23
2021-07-05 20:53:01,25.6,20,20,22,20,20,20,20,20,23,20,20,23
2021-07-05 21:03:01,25.6,20,20,22,20,20,19,20,20,23,20,20,23
2021-07-05 21:13:01,25.5,20,20,22,20,20,20,20,20,23,20,20,23
2021-07-05 21:23:01,25.4,20,20,22,20,20,20,20,20,23,20,20,23
2021-07-05 21:33:01,25.4,20,20,22,20,20,20,20,20,23,20,20,23
2021-07-05 21:43:01,25.4,20,20,22,20,20,20,20,20,23,20,20,23
2021-07-05 21:53:01,25.3,20,20,22,20,20,19,20,20,23,20,20,23
2021-07-05 22:03:01,25.2,20,20,22,20,20,19,20,20,23,20,20,23
2021-07-05 22:13:01,25.2,20,20,22,20,20,19,20,20,23,20,20,23
2021-07-05 22:23:01,25.1,20,20,22,20,20,19,20,20,22,20,20,23
2021-07-05 22:33:01,25.1,20,20,22,20,20,19,20,20,22,20,20,23
2021-07-05 22:43:01,25.0,20,20,22,20,20,19,20,20,22,20,20,23
2021-07-05 22:53:01,25.0,20,20,22,20,20,19,20,20,22,20,20,23
2021-07-05 23:03:01,24.9,20,20,22,20,20,19,20,20,22,20,20,23
2021-07-05 23:13:01,24.9,20,20,21,20,20,19,20,20,22,20,20,23
2021-07-05 23:23:01,24.9,20,20,22,20,20,19,20,20,22,20,20,23
2021-07-05 23:33:01,24.8,20,20,21,20,20,19,20,20,22,20,20,23
2021-07-05 23:43:01,24.7,20,20,21,20,20,19,20,20,22,20,20,22
2021-07-05 23:53:01,24.7,20,20,21,20,20,19,20,20,22,20,20,23
2021-07-06 00:03:01,24.7,20,20,21,20,20,19,20,20,22,20,20,23
2021-07-06 00:13:01,24.6,20,20,21,20,20,19,20,20,22,20,20,23
2021-07-06 00:23:01,24.6,20,20,21,20,20,19,20,20,22,20,20,22
2021-07-06 00:33:01,24.6,20,20,21,20,20,19,20,20,22,20,20,23
2021-07-06 00:43:01,24.5,20,20,21,20,20,19,20,20,22,20,20,22
2021-07-06 00:53:01,24.4,20,20,21,20,20,19,20,20,22,20,20,22
2021-07-06 01:03:01,24.4,20,20,21,20,20,19,20,20,22,20,20,22
2021-07-06 01:13:01,24.3,20,20,21,20,20,19,20,20,22,20,20,22
2021-07-06 01:23:01,24.3,20,20,21,20,20,19,20,20,22,20,20,22
2021-07-06 01:33:01,24.2,20,20,21,20,20,19,20,20,22,20,20,22
2021-07-06 01:43:01,24.2,20,20,21,20,20,19,20,20,22,20,20,22
2021-07-06 01:53:01,24.1,20,20,21,20,20,19,20,20,22,20,20,22
2021-07-06 02:03:01,24.1,20,20,21,20,20,19,20,20,22,20,20,22
2021-07-06 02:13:01,24.1,20,20,21,20,20,19,20,20,22,20,20,22
2021-07-06 02:23:01,24.0,20,20,21,20,20,19,20,20,22,20,20,22
2021-07-06 02:33:01,23.9,20,20,21,20,20,19,20,20,22,20,20,22
2021-07-06 02:43:01,23.9,20,20,21,20,20,19,20,20,22,20,20,22
2021-07-06 02:53:01,23.9,20,20,21,20,20,19,20,20,22,20,20,22
2021-07-06 03:03:01,23.9,20,20,21,20,20,19,20,20,22,20,20,22
2021-07-06 03:13:01,23.8,20,20,21,20,20,19,20,20,22,20,20,22
2021-07-06 03:23:01,23.8,20,20,21,20,20,19,20,20,22,20,20,22
2021-07-06 03:33:01,23.8,20,20,21,20,20,19,20,20,22,20,20,22
2021-07-06 03:43:01,23.8,20,20,21,20,20,19,20,20,22,20,20,22
2021-07-06 03:53:01,23.7,20,20,21,20,20,19,20,20,22,20,20,22
2021-07-06 04:03:01,23.6,20,20,21,20,20,19,20,20,22,20,20,22
2021-07-06 04:13:01,23.6,20,20,21,20,20,19,20,20,22,20,20,22
2021-07-06 04:23:01,23.6,20,20,21,20,20,19,20,20,22,20,20,22
2021-07-06 04:33:01,23.5,20,20,20,20,20,19,20,20,22,20,20,22
2021-07-06 04:43:01,23.5,20,20,20,20,20,19,20,20,22,20,20,22
2021-07-06 04:53:01,23.4,20,20,20,20,20,19,20,20,22,20,20,22
2021-07-06 05:03:01,23.4,20,20,20,20,20,19,20,20,22,20,20,22
2021-07-06 05:13:01,23.4,20,20,20,20,20,19,20,20,22,20,20,22
2021-07-06 05:23:01,23.4,20,20,20,20,20,19,20,20,22,20,20,22
2021-07-06 05:33:01,23.4,20,20,20,20,20,19,20,20,22,20,20,22
2021-07-06 05:43:01,23.3,20,20,20,20,20,19,20,20,22,20,20,22
2021-07-06 05:53:01,23.3,20,20,20,20,20,19,20,20,22,20,20,22
2021-07-06 06:03:01,23.0,20,20,20,20,20,19,20,20,21,20,20,22
2021-07-06 06:13:01,22.7,20,20,20,20,20,19,20,20,21,20,20,22
2021-07-06 06:23:01,22.5,20,20,20,20,20,19,20,20,21,20,20,22
2021-07-06 06:33:01,22.6,20,20,21,20,20,19,20,20,21,20,20,22
2021-07-06 06:43:01,22.5,20,20,20,20,20,19,20,20,21,20,20,22
2021-07-06 06:53:01,22.4,20,20,20,20,20,19,20,20,21,20,20,22
2021-07-06 07:03:01,22.5,20,20,20,20,20,19,20,20,21,20,20,22
2021-07-06 07:13:01,22.5,20,20,20,20,20,19,20,20,21,20,20,22
2021-07-06 07:23:01,22.3,20,20,20,20,20,19,20,20,21,20,20,22
2021-07-06 07:33:01,22.5,20,20,20,20,20,19,20,20,21,20,20,22
2021-07-06 07:43:01,22.5,20,20,20,20,20,19,20,20,21,20,20,22
2021-07-06 07:53:01,22.8,20,20,20,20,20,19,20,20,21,20,20,22
2021-07-06 08:13:01,23.0,20,20,21,20,20,19,20,20,21,20,20,22
2021-07-06 08:23:01,23.0,20,20,21,20,20,19,20,20,21,20,20,22
2021-07-06 08:33:01,23.0,20,20,20,20,20,19,20,20,21,20,20,21
2021-07-06 08:43:01,23.0,20,20,20,20,20,20,20,20,21,20,20,21
2021-07-06 08:53:01,23.0,20,20,20,20,20,20,20,20,21,20,20,21
2021-07-06 09:03:01,23.1,20,20,20,20,20,20,20,20,21,20,20,21
2021-07-06 09:13:01,23.2,20,20,21,20,20,20,20,20,21,20,20,21
2021-07-06 09:23:01,23.3,20,20,20,20,20,20,20,20,21,20,20,21
2021-07-06 09:33:01,23.4,20,20,21,20,20,20,20,20,21,20,20,21
2021-07-06 11:40:01,26.7,20,16,25,20,20,21,20,16,23,20,16,23
2021-07-06 11:50:01,26.2,20,16,24,20,20,21,20,20,23,20,20,23
2021-07-06 12:00:01,25.9,20,16,23,20,20,21,20,20,23,20,20,22
2021-07-06 12:10:01,25.7,20,16,23,20,20,21,20,20,22,20,20,23
2021-07-06 12:20:01,25.7,20,16,23,20,20,21,20,20,22,20,20,22
2021-07-06 12:30:01,25.6,20,16,22,20,20,20,20,20,22,20,20,22
2021-07-06 12:40:01,25.6,20,0,0,20,20,20,20,20,22,20,20,22
2021-07-06 12:50:01,25.7,20,0,0,20,20,20,20,20,22,20,20,23
2021-07-06 13:00:01,25.9,20,0,0,20,20,20,20,20,22,20,20,22
2021-07-06 13:10:01,26.0,20,0,0,20,20,20,20,20,23,20,20,22
2021-07-06 13:20:01,26.0,20,0,0,20,20,20,20,20,23,20,20,23
2021-07-06 13:30:01,26.3,20,0,0,20,20,20,20,20,23,20,20,23
2021-07-06 13:40:01,26.5,20,0,0,20,20,20,20,0,0,20,0,0
2021-07-06 14:03:01,26.7,20,0,0,20,20,20,20,20,23,20,16,23
2021-07-06 14:13:01,26.7,20,0,0,20,20,20,20,20,23,20,20,23
2021-07-06 14:23:01,26.7,20,0,0,20,20,20,20,20,23,20,20,23
2021-07-06 14:33:01,26.9,20,0,0,20,20,20,20,20,23,20,20,23
2021-07-06 14:43:01,27.0,20,0,0,20,20,20,20,20,23,20,20,23
2021-07-06 14:53:01,27.1,20,0,0,20,20,20,20,20,23,20,20,23
2021-07-06 15:03:01,27.2,20,0,0,20,20,20,20,20,23,20,20,23
2021-07-06 15:13:01,27.3,20,0,0,20,20,20,20,20,23,20,20,23
2021-07-06 15:23:01,27.4,20,0,0,20,20,20,20,20,23,20,20,23
2021-07-06 15:33:01,27.4,20,0,0,20,20,20,20,20,23,20,20,23
2021-07-06 15:43:01,27.4,20,0,0,20,20,20,20,20,23,20,20,23
2021-07-06 15:53:01,27.6,20,0,0,20,20,20,20,20,23,20,20,23
2021-07-06 16:03:01,27.5,20,0,0,20,20,20,20,20,23,20,20,23
2021-07-06 16:13:01,27.4,20,0,0,20,20,20,20,20,23,20,20,23
2021-07-06 16:23:01,27.5,20,0,0,20,20,20,20,20,23,20,20,23
2021-07-06 16:33:01,27.2,20,0,0,20,20,20,20,20,23,20,20,23
2021-07-06 16:43:01,27.3,20,0,0,20,20,20,20,20,23,20,20,24
2021-07-06 16:53:01,27.3,20,0,0,20,20,20,20,20,23,20,20,23
2021-07-06 17:03:01,27.2,20,0,0,20,20,20,20,20,23,20,20,24
2021-07-06 17:18:01,27.1,20,0,0,20,20,20,20,20,23,20,16,24
2021-07-06 17:28:01,26.9,20,20,23,20,20,20,20,20,23,20,20,23
2021-07-06 17:38:01,27.2,20,20,24,20,20,20,20,20,23,20,20,24
2021-07-06 17:48:01,27.4,20,20,23,20,20,20,20,20,23,20,20,24
2021-07-06 17:58:01,27.1,20,20,22,20,20,20,20,20,23,20,20,24
2021-07-06 18:08:01,26.8,20,20,22,20,20,20,20,20,23,20,20,24
2021-07-06 18:18:01,26.7,20,20,22,20,20,20,20,20,23,20,20,23
2021-07-06 18:28:01,26.6,20,20,22,20,20,20,20,20,23,20,20,24
2021-07-06 18:38:01,26.6,20,20,22,20,20,20,20,20,23,20,20,24
2021-07-06 18:48:01,26.8,20,20,22,20,20,21,20,20,23,20,20,24
2021-07-06 18:58:01,26.6,20,20,21,20,20,20,20,20,23,20,20,24
2021-07-06 19:08:01,26.4,20,20,21,20,20,20,20,20,23,20,20,23
2021-07-06 19:18:01,26.3,20,20,21,20,20,21,20,20,23,20,20,23
2021-07-06 19:28:01,26.2,20,20,21,20,20,20,20,20,23,20,20,23
2021-07-06 19:38:01,26.2,20,20,21,20,20,20,20,20,23,20,20,24
2021-07-06 19:48:01,26.2,20,20,21,20,20,20,20,20,23,20,20,24
2021-07-06 19:58:01,26.3,20,20,21,20,20,20,20,20,23,20,20,24
2021-07-06 20:08:01,26.3,20,20,21,20,20,20,20,20,23,20,20,24
2021-07-06 20:18:01,26.3,20,20,22,20,20,20,20,20,23,20,20,23
2021-07-06 20:28:01,26.3,20,20,22,20,20,20,20,20,23,20,20,24
2021-07-06 20:38:01,26.3,20,20,22,20,20,20,20,20,23,20,20,24
2021-07-06 20:48:01,26.3,20,20,22,20,20,20,20,20,23,20,20,24
2021-07-06 20:58:01,26.2,20,20,22,20,20,20,20,20,23,20,20,24
2021-07-06 21:08:01,26.2,20,20,22,20,20,20,20,20,23,20,20,24
2021-07-06 21:18:01,26.2,20,20,22,20,20,20,20,20,23,20,20,24
2021-07-06 21:28:01,26.1,20,20,22,20,20,20,20,20,23,20,20,24
2021-07-06 21:38:01,26.1,20,20,22,20,20,20,20,20,23,20,20,24
2021-07-06 21:48:01,26.1,20,20,22,20,20,20,20,20,23,20,20,24
2021-07-06 21:58:01,26.0,20,20,22,20,20,20,20,20,23,20,20,24
2021-07-06 22:08:01,26.0,20,20,22,20,20,20,20,20,23,20,20,24
2021-07-06 22:18:01,26.0,20,20,22,20,20,20,20,20,23,20,20,24
2021-07-06 22:28:01,25.9,20,20,22,20,20,20,20,20,23,20,20,24
2021-07-06 22:38:01,25.9,20,20,22,20,20,20,20,20,23,20,20,24
2021-07-06 22:48:01,25.9,20,20,22,20,20,20,20,20,23,20,20,24
2021-07-06 22:58:01,25.9,20,20,22,20,20,20,20,20,23,20,20,24
2021-07-06 23:08:01,25.8,20,20,22,20,20,20,20,20,23,20,20,24
2021-07-06 23:18:01,25.7,20,20,22,20,20,20,20,20,23,20,20,24
2021-07-06 23:28:01,25.7,20,20,22,20,20,20,20,20,23,20,20,24
2021-07-06 23:38:01,25.6,20,20,22,20,20,20,20,20,23,20,20,24
2021-07-06 23:48:01,25.6,20,20,22,20,20,20,20,20,23,20,20,24
2021-07-06 23:58:01,25.6,20,20,22,20,20,20,20,20,23,20,20,23
2021-07-07 00:08:01,25.6,20,20,22,20,20,20,20,20,23,20,20,24
2021-07-07 00:18:01,25.5,20,20,22,20,20,20,20,20,23,20,20,23
2021-07-07 00:28:01,25.5,20,20,21,20,20,20,20,20,23,20,20,23
2021-07-07 00:38:01,25.4,20,20,21,20,20,20,20,20,23,20,20,23
2021-07-07 00:48:01,25.4,20,20,21,20,20,20,20,20,23,20,20,23
2021-07-07 00:58:01,25.3,20,20,21,20,20,20,20,20,23,20,20,23
2021-07-07 01:08:01,25.2,20,20,21,20,20,20,20,20,22,20,20,23
2021-07-07 01:18:01,25.2,20,20,21,20,20,20,20,20,22,20,20,23
2021-07-07 01:28:01,25.2,20,20,21,20,20,20,20,20,22,20,20,23
2021-07-07 01:38:01,25.1,20,20,21,20,20,20,20,20,22,20,20,23
2021-07-07 01:48:01,25.1,20,20,21,20,20,20,20,20,22,20,20,23
2021-07-07 01:58:01,25.1,20,20,21,20,20,20,20,20,22,20,20,24
2021-07-07 02:08:01,25.1,20,20,21,20,20,20,20,20,23,20,20,23
2021-07-07 02:18:01,25.0,20,20,21,20,20,20,20,20,23,20,20,23
2021-07-07 02:28:01,25.0,20,20,21,20,20,20,20,20,23,20,20,23
2021-07-07 02:38:01,24.9,20,20,21,20,20,20,20,20,23,20,20,23
2021-07-07 02:48:01,24.9,20,20,21,20,20,20,20,20,23,20,20,23
2021-07-07 02:58:01,24.9,20,20,21,20,20,20,20,20,23,20,20,23
2021-07-07 03:08:01,24.8,20,20,21,20,20,20,20,20,23,20,20,23
2021-07-07 03:18:01,24.8,20,20,21,20,20,20,20,20,23,20,20,23
2021-07-07 03:28:01,24.7,20,20,21,20,20,19,20,20,23,20,20,23
2021-07-07 03:38:01,24.7,20,20,21,20,20,19,20,20,23,20,20,23
2021-07-07 03:48:01,24.7,20,20,21,20,20,19,20,20,23,20,20,23
2021-07-07 03:58:01,24.6,20,20,21,20,20,19,20,20,23,20,20,23
2021-07-07 04:08:01,24.6,20,20,21,20,20,19,20,20,22,20,20,23
2021-07-07 04:18:01,24.6,20,20,21,20,20,19,20,20,22,20,20,23
2021-07-07 04:28:01,24.6,20,20,21,20,20,19,20,20,22,20,20,23
2021-07-07 04:38:01,24.5,20,20,21,20,20,19,20,20,22,20,20,23
2021-07-07 04:48:01,24.4,20,20,21,20,20,19,20,20,22,20,20,23
2021-07-07 04:58:01,24.4,20,20,21,20,20,19,20,20,22,20,20,23
2021-07-07 05:08:01,24.4,20,20,21,20,20,19,20,20,22,20,20,23
2021-07-07 05:18:01,24.3,20,20,21,20,20,19,20,20,22,20,20,23
2021-07-07 05:28:01,24.3,20,20,21,20,20,19,20,20,22,20,20,23
2021-07-07 05:38:01,24.3,20,20,21,20,20,19,20,20,22,20,20,23
2021-07-07 05:48:01,24.2,20,20,21,20,20,19,20,20,22,20,20,23
2021-07-07 05:58:01,23.9,20,20,21,20,20,19,20,20,22,20,20,23
2021-07-07 06:08:01,23.7,20,20,20,20,20,19,20,20,22,20,20,23
2021-07-07 06:18:01,23.6,20,20,20,20,20,19,20,20,22,20,20,23
2021-07-07 06:28:01,23.0,20,20,20,20,20,19,20,20,22,20,20,22
2021-07-07 06:38:01,23.0,20,20,20,20,20,19,20,20,22,20,20,22
2021-07-07 06:48:01,22.7,20,20,20,20,20,19,20,20,22,20,20,22
2021-07-07 06:58:01,22.6,20,20,20,20,20,19,20,20,22,20,20,22
2021-07-07 07:08:01,22.9,20,20,21,20,20,19,20,20,22,20,20,22
2021-07-07 07:18:01,23.0,20,20,20,20,20,19,20,20,22,20,20,22
2021-07-07 07:28:01,23.1,20,20,20,20,20,19,20,20,22,20,20,22
2021-07-07 07:38:01,23.2,20,20,20,20,20,19,20,20,22,20,20,22
2021-07-07 07:48:01,23.4,20,20,20,20,20,19,20,20,22,20,20,22
2021-07-07 07:58:01,23.6,20,20,20,20,20,19,20,20,22,20,20,22
2021-07-07 08:08:01,23.7,20,20,20,20,20,19,20,20,22,20,20,22
2021-07-07 08:18:01,23.8,20,20,21,20,20,19,20,20,22,20,20,22
2021-07-07 08:28:01,23.9,20,20,21,20,20,19,20,20,22,20,20,22
2021-07-07 08:38:01,24.1,20,20,21,20,20,19,20,20,22,20,20,22
2021-07-07 08:48:01,24.2,20,20,21,20,20,19,20,20,22,20,20,22
2021-07-07 08:58:01,24.3,20,20,21,20,20,19,20,20,22,20,20,22
2021-07-07 09:09:01,24.5,20,20,21,20,20,19,20,20,22,20,20,22
2021-07-07 09:19:01,24.6,20,20,21,20,20,19,20,20,22,20,20,23
2021-07-07 09:29:01,24.6,20,20,21,20,20,19,20,20,22,20,20,22
2021-07-07 09:39:01,24.7,20,20,21,20,20,19,20,20,22,20,20,22
2021-07-07 09:49:01,24.7,20,20,21,20,20,19,20,20,22,20,20,22
2021-07-07 09:59:01,24.9,20,20,21,20,20,19,20,20,22,20,20,22
2021-07-07 10:09:01,25.1,20,20,21,20,20,19,20,20,22,20,20,22
2021-07-07 10:30:01,25.5,20,20,22,20,20,19,20,20,22,20,20,22
2021-07-07 10:43:01,25.9,20,20,22,20,20,20,20,20,22,20,20,23
2021-07-07 10:53:01,26.0,20,20,22,20,20,20,20,20,22,20,20,22
2021-07-07 11:12:01,26.4,20,20,23,20,20,20,20,20,22,20,20,23
2021-07-07 11:22:01,26.5,20,20,23,20,20,20,20,20,22,20,20,23
2021-07-07 11:32:01,26.6,20,20,23,20,20,20,20,20,22,20,20,23
2021-07-07 11:42:01,26.7,20,20,22,20,20,20,20,20,22,20,20,23
2021-07-07 11:52:01,26.8,20,20,22,20,20,20,20,20,22,20,20,23
2021-07-07 12:02:01,26.9,20,20,22,20,20,20,20,20,22,20,20,23
2021-07-07 12:12:01,27.2,20,20,22,20,20,20,20,20,22,20,20,23
2021-07-07 12:22:01,27.1,20,20,22,20,20,20,20,20,22,20,20,23
2021-07-07 12:32:01,27.2,20,20,21,20,20,20,20,20,23,20,20,24
2021-07-07 12:42:01,27.2,20,20,21,20,20,20,20,20,23,20,20,23
2021-07-07 12:52:01,27.3,20,20,21,20,20,20,20,20,23,20,20,24
2021-07-07 13:02:01,27.4,20,20,21,20,20,20,20,20,23,20,20,24
2021-07-07 13:12:01,27.6,20,20,22,20,20,20,20,20,23,20,20,24
2021-07-07 13:22:01,27.7,20,20,22,20,20,20,20,20,23,20,20,24
2021-07-07 13:32:01,27.7,20,20,22,20,20,20,20,20,23,20,20,24
2021-07-07 13:53:01,28.1,20,20,22,20,20,20,20,20,23,20,16,24
2021-07-07 14:03:01,28.4,20,20,23,20,20,21,20,20,23,20,20,24
2021-07-07 14:13:01,28.5,20,20,22,20,20,21,20,20,23,20,20,24
2021-07-07 14:23:01,28.5,20,20,22,20,20,21,20,20,23,20,20,24
2021-07-07 14:33:01,28.6,20,20,22,20,20,21,20,20,23,20,20,24
2021-07-07 14:43:01,28.7,20,20,23,20,20,21,20,20,23,20,20,24
2021-07-07 14:53:01,28.7,20,20,23,20,20,21,20,20,23,20,20,24
2021-07-07 15:07:01,29.0,20,20,25,20,20,21,20,16,23,20,20,24
2021-07-07 15:17:01,29.2,20,20,25,20,20,21,20,16,23,20,20,24
2021-07-07 15:27:01,29.0,20,20,25,20,20,21,20,16,23,20,20,24
2021-07-07 15:37:01,29.0,20,20,24,20,20,21,20,20,23,20,20,24
2021-07-07 15:47:01,29.0,20,20,24,20,20,21,20,20,23,20,20,24
2021-07-07 15:57:01,29.0,20,20,24,20,20,21,20,20,23,20,20,24
2021-07-07 16:07:01,28.9,20,20,24,20,20,21,20,20,23,20,20,24
2021-07-07 16:17:01,28.7,20,20,24,20,20,21,20,20,23,20,20,24
2021-07-07 16:27:01,28.7,20,20,24,20,20,21,20,20,23,20,20,24
2021-07-07 16:37:01,28.6,20,20,24,20,20,21,20,20,23,20,20,24
2021-07-07 16:47:01,28.5,20,20,24,20,20,21,20,20,23,20,20,24
2021-07-07 16:57:01,28.4,20,20,24,20,20,21,20,20,23,20,20,24
2021-07-07 17:07:01,28.4,20,20,24,20,20,21,20,20,23,20,20,24
2021-07-07 17:17:01,28.3,20,20,24,20,20,21,20,20,23,20,20,24
2021-07-07 17:27:01,28.2,20,20,24,20,20,20,20,20,23,20,20,24
2021-07-07 17:37:01,28.2,20,20,24,20,20,20,20,20,23,20,20,24
2021-07-07 17:47:01,28.1,20,20,24,20,20,20,20,20,23,20,20,24
2021-07-07 17:57:01,28.0,20,20,24,20,20,20,20,20,23,20,20,24
2021-07-07 18:07:01,27.9,20,20,24,20,20,20,20,20,23,20,20,24
2021-07-07 18:17:01,27.8,20,20,24,20,20,20,20,20,23,20,20,24
2021-07-07 18:27:01,27.8,20,20,24,20,20,20,20,20,23,20,20,23
2021-07-07 18:37:01,27.9,20,20,24,20,20,20,20,20,23,20,20,24
2021-07-07 18:47:01,27.9,20,20,24,20,20,20,20,20,23,20,20,24
2021-07-07 18:57:01,27.9,20,20,24,20,20,20,20,20,23,20,20,24
2021-07-07 19:07:01,27.9,20,20,24,20,20,20,20,20,23,20,20,24
2021-07-07 19:17:01,28.0,20,20,24,20,20,20,20,20,23,20,20,24
2021-07-07 19:27:01,28.0,20,20,24,20,20,20,20,20,23,20,20,24
2021-07-07 19:37:01,28.0,20,20,24,20,20,20,20,20,23,20,20,24
2021-07-07 19:47:01,27.9,20,20,24,20,20,20,20,20,23,20,20,24
2021-07-07 19:57:01,27.9,20,20,24,20,20,20,20,20,23,20,20,24
2021-07-07 20:07:01,27.9,20,20,24,20,20,20,20,20,23,20,20,24
2021-07-07 20:17:01,27.9,20,20,24,20,20,20,20,20,23,20,20,24
2021-07-07 20:27:01,27.8,20,20,23,20,20,20,20,20,23,20,20,24
2021-07-07 20:37:01,27.8,20,20,24,20,20,20,20,20,24,20,20,24
2021-07-07 20:47:01,27.7,20,20,23,20,20,20,20,20,24,20,20,24
2021-07-07 20:57:01,27.6,20,20,23,20,20,20,20,20,24,20,20,24
2021-07-07 21:07:01,27.6,20,20,23,20,20,20,20,20,24,20,20,24
2021-07-07 21:17:01,27.5,20,20,23,20,20,20,20,20,24,20,20,24
2021-07-07 21:27:01,27.5,20,20,23,20,20,20,20,20,24,20,20,24
2021-07-07 21:37:01,27.4,20,20,23,20,20,20,20,20,24,20,20,24
2021-07-07 21:47:01,27.4,20,20,23,20,20,20,20,20,24,20,20,24
2021-07-07 21:57:01,27.3,20,20,23,20,20,20,20,20,24,20,20,24
2021-07-07 22:07:01,27.3,20,20,23,20,20,20,20,20,24,20,20,24
2021-07-07 22:17:01,27.3,20,20,23,20,20,20,20,20,24,20,20,24
2021-07-07 22:27:01,27.2,20,20,23,20,20,20,20,20,24,20,20,24
2021-07-07 22:37:01,27.2,20,20,23,20,20,20,20,20,24,20,20,24
2021-07-07 22:47:01,27.2,20,20,23,20,20,20,20,20,24,20,20,24
2021-07-07 22:57:01,27.2,20,20,23,20,20,20,20,20,24,20,20,25
2021-07-07 23:07:01,27.1,20,20,23,20,20,20,20,20,24,20,20,24
2021-07-07 23:17:01,27.1,20,20,23,20,20,20,20,20,24,20,20,24
2021-07-07 23:27:01,27.0,20,20,23,20,20,20,20,20,24,20,20,24
2021-07-07 23:37:01,27.0,20,20,23,20,20,20,20,20,24,20,20,24
2021-07-07 23:47:01,26.9,20,20,23,20,20,20,20,20,24,20,20,24
2021-07-07 23:57:01,26.9,20,20,22,20,20,20,20,20,24,20,20,24
2021-07-08 00:07:01,26.9,20,20,22,20,20,20,20,20,24,20,20,24
2021-07-08 00:17:01,26.9,20,20,22,20,20,20,20,20,24,20,20,24
2021-07-08 00:27:01,26.8,20,20,22,20,20,20,20,20,24,20,20,24
2021-07-08 00:37:01,26.8,20,20,23,20,20,20,20,20,24,20,20,24
2021-07-08 00:47:01,26.8,20,20,22,20,20,20,20,20,24,20,20,24
2021-07-08 00:57:01,26.7,20,20,22,20,20,20,20,20,23,20,20,24
2021-07-08 01:07:01,26.7,20,20,22,20,20,20,20,20,23,20,20,24
2021-07-08 01:17:01,26.7,20,20,22,20,20,20,20,20,23,20,20,24
2021-07-08 01:27:01,26.6,20,20,22,20,20,20,20,20,23,20,20,24
2021-07-08 01:37:01,26.6,20,20,22,20,20,20,20,20,23,20,20,24
2021-07-08 01:47:01,26.5,20,20,22,20,20,20,20,20,23,20,20,24
2021-07-08 01:57:01,26.5,20,20,22,20,20,20,20,20,23,20,20,24
2021-07-08 02:07:01,26.4,20,20,22,20,20,20,20,20,23,20,20,23
2021-07-08 02:17:01,26.4,20,20,22,20,20,20,20,20,23,20,20,24
2021-07-08 02:27:01,26.4,20,20,22,20,20,20,20,20,23,20,20,24
2021-07-08 02:37:01,26.4,20,20,22,20,20,20,20,20,23,20,20,23
2021-07-08 02:47:01,26.3,20,20,22,20,20,20,20,20,23,20,20,24
2021-07-08 02:57:01,26.3,20,20,22,20,20,20,20,20,23,20,20,23
2021-07-08 03:07:01,26.2,20,20,22,20,20,20,20,20,23,20,20,24
2021-07-08 03:17:01,26.2,20,20,22,20,20,20,20,20,23,20,20,24
2021-07-08 03:27:01,26.2,20,20,22,20,20,20,20,20,23,20,20,23
2021-07-08 03:37:01,26.1,20,20,22,20,20,20,20,20,23,20,20,23
2021-07-08 03:47:01,26.1,20,20,22,20,20,20,20,20,23,20,20,23
2021-07-08 03:57:01,26.0,20,20,22,20,20,20,20,20,23,20,20,23
2021-07-08 04:07:01,26.0,20,20,22,20,20,20,20,20,23,20,20,23
2021-07-08 04:17:01,26.0,20,20,22,20,20,20,20,20,23,20,20,23
2021-07-08 04:27:01,25.9,20,20,22,20,20,20,20,20,23,20,20,23
2021-07-08 04:37:01,25.9,20,20,22,20,20,20,20,20,23,20,20,23
2021-07-08 04:47:01,25.8,20,20,22,20,20,20,20,20,23,20,20,23
2021-07-08 04:57:01,25.7,20,20,22,20,20,20,20,20,23,20,20,23
2021-07-08 05:07:01,25.7,20,20,22,20,20,20,20,20,23,20,20,23
2021-07-08 05:17:01,25.6,20,20,22,20,20,20,20,20,23,20,20,23
2021-07-08 05:27:01,25.6,20,20,22,20,20,20,20,20,23,20,20,23
2021-07-08 05:37:01,25.6,20,20,22,20,20,20,20,20,23,20,20,23
2021-07-08 05:47:01,25.6,20,20,22,20,20,20,20,20,23,20,20,23
2021-07-08 05:57:01,25.4,20,20,21,20,20,20,20,20,23,20,20,23
2021-07-08 06:07:01,24.6,20,20,21,20,20,20,20,20,23,20,20,23
2021-07-08 06:17:01,24.4,20,20,21,20,20,20,20,20,23,20,20,23
2021-07-08 06:27:01,24.4,20,20,21,20,20,20,20,20,23,20,20,23
2021-07-08 06:37:01,24.1,20,20,21,20,20,20,20,20,22,20,20,23
2021-07-08 06:47:01,23.9,20,20,21,20,20,20,20,20,22,20,20,23
2021-07-08 06:57:01,24.0,20,20,21,20,20,20,20,20,22,20,20,23
2021-07-08 07:07:01,24.0,20,20,21,20,20,20,20,20,22,20,20,23
2021-07-08 07:17:01,24.0,20,20,21,20,20,20,20,20,22,20,20,23
2021-07-08 07:27:01,23.8,20,20,20,20,20,19,20,20,22,20,20,23
2021-07-08 07:37:01,23.8,20,20,20,20,20,19,20,20,22,20,20,23
2021-07-08 07:47:01,23.9,20,20,20,20,20,19,20,20,22,20,20,22
2021-07-08 07:57:01,24.0,20,20,20,20,20,19,20,20,22,20,20,23
2021-07-08 08:07:01,23.6,20,20,20,20,20,19,20,20,22,20,20,22
2021-07-08 08:17:01,23.9,20,20,20,20,20,19,20,20,22,20,20,22
2021-07-08 08:27:01,24.0,20,20,21,20,20,19,20,20,22,20,20,23
2021-07-08 08:37:01,23.9,20,20,21,20,20,19,20,20,22,20,20,22
2021-07-08 08:47:01,24.1,20,20,20,20,20,19,20,20,22,20,20,23
2021-07-08 08:57:01,24.1,20,20,21,20,20,19,20,20,22,20,20,23
2021-07-08 09:07:01,24.3,20,20,21,20,20,19,20,20,22,20,20,22
2021-07-08 09:17:01,24.5,20,20,21,20,20,19,20,20,22,20,20,23
2021-07-08 09:27:01,24.6,20,20,21,20,20,19,20,20,22,20,20,23
2021-07-08 09:37:01,24.3,20,20,21,20,20,19,20,20,22,20,20,23
2021-07-08 09:47:01,24.4,20,20,21,20,20,19,20,20,22,20,20,23
2021-07-08 09:57:01,24.6,20,20,21,20,20,19,20,20,22,20,20,23
2021-07-08 10:07:01,24.7,20,20,21,20,20,19,20,20,23,20,20,23
2021-07-08 10:17:01,24.7,20,20,21,20,20,19,20,20,23,20,20,23
2021-07-08 10:27:01,24.8,20,20,21,20,20,19,20,20,22,20,20,23
2021-07-08 10:37:01,24.8,20,20,21,20,20,19,20,0,0,20,0,0
2021-07-08 10:47:01,24.7,20,20,21,20,20,19,20,0,0,20,0,0
2021-07-08 10:57:01,25.0,20,20,21,20,20,19,20,0,0,20,0,0
2021-07-08 11:07:01,25.1,20,20,21,20,20,19,20,0,0,20,0,0
2021-07-08 11:17:01,25.2,20,20,21,20,20,19,20,0,0,20,0,0
2021-07-08 11:27:01,25.5,20,20,21,20,20,19,20,0,0,20,0,0
2021-07-08 11:37:01,25.5,20,20,21,20,20,19,20,0,0,20,0,0
2021-07-08 11:47:01,25.6,20,20,21,20,20,19,20,0,0,20,0,0
2021-07-08 11:57:01,25.7,20,20,21,20,20,19,20,0,0,20,0,0
2021-07-08 12:07:01,25.9,20,20,22,20,20,19,20,0,0,20,0,0
2021-07-08 12:17:01,26.1,20,20,22,20,20,19,20,0,0,20,0,0
2021-07-08 12:27:01,26.4,20,20,22,20,20,19,20,0,0,20,0,0
2021-07-08 12:37:01,26.5,20,20,22,20,20,19,20,0,0,20,0,0
2021-07-08 12:47:01,26.6,20,20,22,20,20,19,20,0,0,20,0,0
2021-07-08 12:57:01,26.7,20,20,22,20,20,19,20,0,0,20,0,0
2021-07-08 13:07:01,26.9,20,20,22,20,20,19,20,0,0,20,0,0
2021-07-08 13:17:01,27.0,20,20,22,20,20,19,20,0,0,20,0,0
2021-07-08 13:27:01,27.1,20,20,22,20,20,19,20,0,0,20,0,0
2021-07-08 13:37:01,27.2,20,20,23,20,20,19,20,0,0,20,0,0
2021-07-08 13:47:01,27.2,20,20,23,20,20,19,20,0,0,20,0,0
2021-07-08 13:57:01,27.4,20,20,23,20,20,19,20,0,0,20,0,0
2021-07-08 14:07:01,27.5,20,20,23,20,20,20,20,0,0,20,0,0
2021-07-08 14:17:01,27.7,20,20,23,20,20,20,20,0,0,20,0,0
2021-07-08 14:27:01,27.7,20,20,23,20,20,20,20,0,0,20,0,0
2021-07-08 14:37:01,27.9,20,20,23,20,20,20,20,0,0,20,0,0
2021-07-08 14:47:01,27.8,20,20,23,20,20,20,20,0,0,20,0,0
2021-07-08 14:57:01,27.7,20,20,23,20,20,20,20,0,0,20,0,0
2021-07-08 15:07:01,27.8,20,20,24,20,20,20,20,0,0,20,0,0
2021-07-08 15:17:01,27.8,20,20,24,20,20,20,20,0,0,20,0,0
2021-07-08 15:27:01,27.6,20,20,24,20,20,20,20,0,0,20,0,0
2021-07-08 15:37:01,27.5,20,20,24,20,20,20,20,0,0,20,0,0
2021-07-08 15:47:01,27.3,20,20,23,20,20,20,20,0,0,20,0,0
2021-07-08 15:57:01,27.1,20,20,23,20,20,20,20,0,0,20,0,0
2021-07-08 16:07:01,26.8,20,20,23,20,20,20,20,0,0,20,0,0
2021-07-08 16:17:01,26.7,20,20,23,20,20,20,20,0,0,20,0,0
2021-07-08 16:27:01,26.7,20,20,23,20,20,20,20,0,0,20,0,0
2021-07-08 16:37:01,26.6,20,20,23,20,20,20,20,0,0,20,0,0
2021-07-08 16:47:01,26.6,20,20,23,20,20,20,20,0,0,20,0,0
2021-07-08 16:57:01,26.6,20,20,23,20,20,20,20,0,0,20,0,0
2021-07-08 17:07:01,26.5,20,20,23,20,20,20,20,0,0,20,0,0
2021-07-08 17:17:01,26.3,20,20,22,20,20,20,20,0,0,20,0,0
2021-07-08 17:27:01,26.0,20,20,22,20,20,20,20,20,22,20,20,23
2021-07-08 17:37:01,25.9,20,20,22,20,20,20,20,20,23,20,20,23
2021-07-08 17:47:01,25.8,20,20,22,20,20,20,20,20,23,20,20,23
2021-07-08 17:57:01,25.6,20,20,22,20,20,20,20,20,23,20,20,23
2021-07-08 18:07:01,25.6,20,20,22,20,20,20,20,20,22,20,20,23
2021-07-08 18:17:01,25.4,20,20,22,20,20,20,20,20,22,20,20,23
2021-07-08 18:27:01,25.4,20,20,22,20,20,20,20,20,22,20,20,22
2021-07-08 18:37:01,25.3,20,20,22,20,20,20,20,20,22,20,20,23
2021-07-08 18:47:01,25.0,20,20,21,20,20,20,20,20,22,20,20,23
2021-07-08 18:57:01,24.8,20,20,21,20,20,20,20,20,22,20,20,23
2021-07-08 19:07:01,25.0,20,20,21,20,20,20,20,20,22,20,20,23
2021-07-08 19:17:01,24.9,20,20,21,20,20,20,20,20,23,20,20,23
2021-07-08 19:27:01,24.6,20,20,21,20,20,20,20,20,22,20,20,23
2021-07-08 19:37:01,24.4,20,20,21,20,20,20,20,20,22,20,20,23
2021-07-08 19:47:01,24.1,20,20,21,20,20,20,20,20,23,20,20,23
2021-07-08 19:57:01,24.1,20,20,21,20,20,20,20,20,23,20,20,23
2021-07-08 20:07:01,24.1,20,20,21,20,20,19,20,20,23,20,20,23
2021-07-08 20:17:01,24.2,20,20,21,20,20,19,20,20,23,20,20,23
2021-07-08 20:27:01,24.2,20,20,21,20,20,19,20,20,23,20,20,23
2021-07-08 20:37:01,24.3,20,20,21,20,20,19,20,20,23,20,20,23
2021-07-08 20:47:01,24.4,20,20,21,20,20,19,20,20,23,20,20,23
2021-07-08 20:57:01,24.5,20,20,21,20,20,19,20,20,23,20,20,23
2021-07-08 21:07:01,24.6,20,20,21,20,20,19,20,20,23,20,20,23
2021-07-08 21:17:01,24.8,20,20,21,20,20,19,20,20,23,20,20,23
2021-07-08 21:27:01,24.9,20,20,21,20,20,19,20,20,23,20,20,23
2021-07-08 21:37:01,24.9,20,20,21,20,20,19,20,20,23,20,20,23
2021-07-08 21:47:01,24.8,20,20,21,20,20,19,20,20,23,20,20,23
2021-07-08 21:57:01,24.8,20,20,21,20,20,19,20,20,23,20,20,23
2021-07-08 22:07:01,24.8,20,20,21,20,20,19,20,20,22,20,20,23
2021-07-08 22:17:01,24.8,20,20,21,20,20,19,20,20,22,20,20,23
2021-07-08 22:27:01,24.8,20,20,21,20,20,19,20,20,22,20,20,23
2021-07-08 22:37:01,24.8,20,20,21,20,20,19,20,20,22,20,20,23
2021-07-08 22:47:01,24.8,20,20,21,20,20,19,20,20,22,20,20,23
2021-07-08 22:57:01,24.8,20,20,21,20,20,19,20,20,22,20,20,23
2021-07-08 23:07:01,24.8,20,20,21,20,20,19,20,20,22,20,20,23
2021-07-08 23:17:01,24.8,20,20,21,20,20,19,20,20,22,20,20,23
2021-07-08 23:27:01,24.7,20,20,21,20,20,19,20,20,22,20,20,23
2021-07-08 23:37:01,24.7,20,20,21,20,20,19,20,20,22,20,20,22
2021-07-08 23:47:01,24.6,20,20,21,20,20,19,20,20,22,20,20,22
2021-07-08 23:57:01,24.6,20,20,21,20,20,19,20,20,22,20,20,22
2021-07-09 00:07:01,24.6,20,20,21,20,20,19,20,20,22,20,20,23
2021-07-09 00:17:01,24.6,20,20,21,20,20,19,20,20,22,20,20,23
2021-07-09 00:27:01,24.6,20,20,21,20,20,19,20,20,22,20,20,23
2021-07-09 00:37:01,24.5,20,20,21,20,20,19,20,20,22,20,20,22
2021-07-09 00:47:01,24.5,20,20,21,20,20,19,20,20,22,20,20,22
2021-07-09 00:57:01,24.5,20,20,21,20,20,19,20,20,22,20,20,23
2021-07-09 01:07:01,24.4,20,20,21,20,20,19,20,20,22,20,20,23
2021-07-09 01:17:01,24.4,20,20,21,20,20,19,20,20,22,20,20,22
2021-07-09 01:27:01,24.4,20,20,21,20,20,19,20,20,22,20,20,22
2021-07-09 01:37:01,24.3,20,20,21,20,20,19,20,20,22,20,20,22
2021-07-09 01:47:01,24.3,20,20,21,20,20,19,20,20,22,20,20,22
2021-07-09 01:57:01,24.2,20,20,21,20,20,19,20,20,22,20,20,22
2021-07-09 02:07:01,24.3,20,20,21,20,20,19,20,20,22,20,20,22
2021-07-09 02:17:01,24.2,20,20,21,20,20,20,20,20,22,20,20,22
2021-07-09 02:27:01,24.2,20,20,21,20,20,19,20,20,22,20,20,22
2021-07-09 02:37:01,24.1,20,20,21,20,20,20,20,20,22,20,20,22
2021-07-09 02:47:01,24.1,20,20,21,20,20,19,20,20,22,20,20,22
2021-07-09 02:57:01,24.1,20,20,21,20,20,20,20,20,22,20,20,22
2021-07-09 03:07:01,24.0,20,20,21,20,20,20,20,20,22,20,20,22
2021-07-09 03:17:01,24.0,20,20,21,20,20,20,20,20,22,20,20,22
2021-07-09 03:27:01,24.0,20,20,21,20,20,20,20,20,22,20,20,22
2021-07-09 03:37:01,23.9,20,20,21,20,20,19,20,20,22,20,20,22
2021-07-09 03:47:01,23.9,20,20,20,20,20,19,20,20,22,20,20,22
2021-07-09 03:57:01,23.9,20,20,20,20,20,19,20,20,22,20,20,22
2021-07-09 04:07:01,23.9,20,20,20,20,20,19,20,20,22,20,20,22
2021-07-09 04:17:01,23.8,20,20,21,20,20,19,20,20,22,20,20,22
2021-07-09 04:27:01,23.8,20,20,20,20,20,19,20,20,22,20,20,22
2021-07-09 04:37:01,23.8,20,20,20,20,20,19,20,20,22,20,20,22
2021-07-09 04:47:01,23.7,20,20,20,20,20,19,20,20,22,20,20,22
2021-07-09 04:57:01,23.7,20,20,20,20,20,19,20,20,22,20,20,22
2021-07-09 05:07:01,23.7,20,20,20,20,20,19,20,20,22,20,20,22
2021-07-09 05:17:01,23.6,20,20,20,20,20,19,20,20,22,20,20,22
2021-07-09 05:27:01,23.6,20,20,20,20,20,19,20,20,22,20,20,22
2021-07-09 05:37:01,23.5,20,20,20,20,20,19,20,20,22,20,20,22
2021-07-09 05:47:01,23.5,20,20,20,20,20,19,20,20,22,20,20,22
2021-07-09 05:57:01,23.2,20,20,20,20,20,19,20,20,22,20,20,22
2021-07-09 06:07:01,22.9,20,20,20,20,20,19,20,20,22,20,20,22
2021-07-09 06:17:01,22.1,20,20,20,20,20,19,20,20,22,20,20,22
2021-07-09 06:27:01,21.7,20,20,20,20,20,19,20,20,22,20,20,22
2021-07-09 06:37:01,21.4,20,20,20,20,20,19,20,20,22,20,20,22
2021-07-09 06:47:01,21.4,20,20,20,20,20,19,20,20,22,20,20,22
2021-07-09 06:57:01,21.8,20,20,20,20,20,19,20,20,22,20,20,22
2021-07-09 07:07:01,21.7,20,20,20,20,20,19,20,20,22,20,20,22
2021-07-09 07:17:01,21.6,20,20,21,20,20,19,20,20,22,20,20,22
2021-07-09 07:27:01,21.6,20,20,20,20,20,19,20,20,21,20,20,22
2021-07-09 07:37:01,21.3,20,20,20,20,20,19,20,20,21,20,20,22
2021-07-09 07:47:01,21.1,20,20,20,20,20,19,20,20,21,20,20,22
2021-07-09 07:57:01,21.3,20,20,20,20,20,19,20,20,21,20,20,22
2021-07-09 08:07:01,21.5,20,20,20,20,20,19,20,20,21,20,20,22
2021-07-09 08:17:01,21.1,20,20,20,20,20,19,20,20,21,20,20,21
2021-07-09 08:27:01,21.5,20,20,20,20,20,19,20,20,21,20,20,22
2021-07-09 08:37:01,21.9,20,20,20,20,20,19,20,20,21,20,20,21
2021-07-09 08:47:01,21.9,20,20,20,20,20,19,20,20,21,20,20,21
2021-07-09 08:57:01,22.0,20,20,20,20,20,19,20,20,21,20,20,21
2021-07-09 09:07:01,21.8,20,20,20,20,20,19,20,20,21,20,20,21
2021-07-09 09:47:01,22.2,20,20,20,20,20,19,20,20,21,20,20,21
2021-07-09 10:17:01,22.3,20,20,20,20,20,20,20,20,21,20,20,21
2021-07-09 10:47:01,22.4,20,20,20,20,20,20,20,20,21,20,20,21
2021-07-09 11:17:01,22.8,20,20,20,20,20,20,20,20,21,20,20,21
2021-07-09 11:47:01,23.1,20,20,21,20,20,20,20,20,21,20,20,21
2021-07-09 12:17:01,23.5,20,20,21,20,20,20,20,20,21,20,20,21
2021-07-09 12:47:01,23.8,20,20,21,20,20,20,20,20,21,20,20,22
2021-07-09 13:17:01,24.2,20,20,22,20,20,20,20,20,21,20,20,22
2021-07-09 13:47:01,24.6,20,20,22,20,20,20,20,20,21,20,20,22
2021-07-09 14:17:01,25.0,20,20,22,20,20,20,20,20,22,20,20,22
2021-07-09 14:47:01,25.5,20,20,22,20,20,21,20,20,22,20,20,22
2021-07-09 15:53:01,26.9,20,16,23,20,20,21,20,20,22,20,20,23
2021-07-09 16:23:01,26.2,20,16,22,20,20,20,20,20,22,20,20,23
2021-07-09 16:53:01,25.9,20,16,22,20,20,20,20,20,22,20,20,23
2021-07-09 17:23:01,25.8,20,16,22,20,20,20,20,20,22,20,20,23
2021-07-09 17:53:01,25.8,20,16,22,20,20,20,20,20,22,20,20,23
2021-07-09 18:23:01,25.7,20,16,22,20,20,20,20,20,22,20,20,23
2021-07-09 19:30:01,26.1,20,20,22,20,20,20,20,20,23,20,20,23
2021-07-09 20:00:01,25.8,20,20,22,20,20,20,20,20,22,20,20,23
2021-07-09 20:30:01,25.9,20,20,22,20,20,20,20,20,22,20,20,23
2021-07-09 21:00:01,25.7,20,20,22,20,20,20,20,20,23,20,20,23
2021-07-09 21:30:01,25.6,20,20,22,20,20,20,20,20,23,20,20,23
2021-07-09 22:00:01,25.5,20,20,21,20,20,20,20,20,23,20,20,24
2021-07-09 22:30:01,25.4,20,20,21,20,20,19,20,20,23,20,20,24
2021-07-09 23:00:01,25.2,20,20,21,20,20,19,20,20,23,20,20,23
2021-07-09 23:30:01,25.1,20,20,21,20,20,19,20,20,23,20,20,23
2021-07-10 00:00:01,25.0,20,20,21,20,20,19,20,20,23,20,20,23
2021-07-10 00:30:01,24.9,20,20,21,20,20,19,20,20,22,20,20,23
2021-07-10 01:00:01,24.7,20,20,21,20,20,19,20,20,22,20,20,23
2021-07-10 01:30:01,24.6,20,20,21,20,20,19,20,20,22,20,20,23
2021-07-10 02:00:01,24.5,20,20,21,20,20,19,20,20,22,20,20,22
2021-07-10 02:30:01,24.4,20,20,21,20,20,19,20,20,22,20,20,23
2021-07-10 03:00:01,24.3,20,20,21,20,20,19,20,20,22,20,20,22
2021-07-10 03:30:01,24.2,20,20,21,20,20,19,20,20,22,20,20,23
2021-07-10 04:00:01,24.1,20,20,21,20,20,19,20,20,22,20,20,22
2021-07-10 04:30:01,24.0,20,20,21,20,20,19,20,20,22,20,20,22
2021-07-10 05:00:01,23.9,20,20,20,20,20,19,20,20,22,20,20,22
2021-07-10 05:30:01,23.8,20,20,20,20,20,19,20,20,22,20,20,22
2021-07-10 06:00:01,23.8,20,20,20,20,20,19,20,20,22,20,20,22
2021-07-10 06:30:01,23.7,20,20,20,20,20,19,20,20,22,20,20,22
2021-07-10 07:00:01,23.7,20,20,20,20,20,20,20,20,22,20,20,22
2021-07-10 07:30:01,23.8,20,20,20,20,20,20,20,20,22,20,20,22
2021-07-10 08:00:01,23.8,20,20,20,20,20,20,20,20,22,20,20,22
2021-07-10 08:30:01,24.0,20,20,20,20,20,20,20,20,22,20,20,22
2021-07-10 09:00:01,24.1,20,20,20,20,20,20,20,20,22,20,20,22
2021-07-10 09:30:01,24.3,20,20,21,20,20,19,20,20,22,20,20,22
2021-07-10 10:00:01,24.4,20,20,21,20,20,19,20,20,22,20,20,22
2021-07-10 10:30:01,24.5,20,20,21,20,20,19,20,20,22,20,20,22
2021-07-10 11:00:01,24.7,20,20,21,20,20,19,20,20,22,20,20,22
2021-07-10 11:30:01,24.9,20,20,21,20,20,19,20,20,22,20,20,22
2021-07-10 12:00:01,25.1,20,20,21,20,20,19,20,20,22,20,20,22
2021-07-10 12:30:01,25.5,20,20,21,20,20,20,20,20,22,20,20,22
2021-07-10 13:00:01,25.9,20,20,21,20,20,20,20,20,22,20,20,23
2021-07-10 13:30:01,26.2,20,20,22,20,20,20,20,20,22,20,20,23
2021-07-10 14:00:01,26.5,20,20,22,20,20,20,20,20,22,20,20,23
2021-07-10 14:30:01,26.8,20,20,22,20,20,20,20,20,23,20,20,23
2021-07-10 15:00:01,27.0,20,20,22,20,20,20,20,20,23,20,20,23
2021-07-10 15:30:01,27.2,20,20,22,20,20,20,20,20,23,20,20,23
2021-07-10 16:00:01,27.2,20,20,22,20,20,20,20,20,23,20,20,23
2021-07-10 16:30:01,27.3,20,20,22,20,20,20,20,20,23,20,20,23
2021-07-10 17:00:01,27.3,20,20,22,20,20,20,20,20,23,20,20,23
2021-07-10 17:30:01,27.4,20,20,23,20,20,20,20,20,23,20,20,23
2021-07-10 18:00:01,27.4,20,20,23,20,20,20,20,20,23,20,20,23
2021-07-10 18:30:01,27.3,20,20,23,20,20,20,20,20,23,20,20,23
2021-07-10 19:00:01,27.3,20,20,23,20,20,20,20,20,23,20,20,23
2021-07-10 19:30:01,27.3,20,20,23,20,20,20,20,20,23,20,20,23
2021-07-10 20:00:01,27.2,20,20,23,20,20,20,20,20,23,20,20,23
2021-07-10 20:30:01,27.1,20,20,23,20,20,20,20,20,23,20,20,23
2021-07-10 21:00:01,26.9,20,20,22,20,20,20,20,20,23,20,20,23
2021-07-10 21:30:01,26.7,20,20,22,20,20,20,20,20,23,20,20,23
2021-07-10 22:00:01,26.6,20,20,22,20,20,20,20,20,23,20,20,23
2021-07-10 22:30:01,26.5,20,20,22,20,20,20,20,20,23,20,20,23
2021-07-10 23:00:01,26.4,20,20,22,20,20,20,20,20,23,20,20,23
2021-07-10 23:30:01,26.2,20,20,22,20,20,20,20,20,22,20,20,23
2021-07-11 00:00:01,26.1,20,20,22,20,20,20,20,20,23,20,20,23
2021-07-11 00:30:01,26.0,20,20,22,20,20,20,20,20,23,20,20,23
2021-07-11 01:00:01,25.9,20,20,22,20,20,19,20,20,23,20,20,23
2021-07-11 01:30:01,25.8,20,20,22,20,20,19,20,20,23,20,20,23
2021-07-11 02:00:01,25.6,20,20,22,20,20,19,20,20,23,20,20,23
2021-07-11 02:30:01,25.5,20,20,22,20,20,19,20,20,23,20,20,23
2021-07-11 03:00:01,25.4,20,20,21,20,20,19,20,20,23,20,20,23
2021-07-11 03:30:01,25.2,20,20,21,20,20,19,20,20,23,20,20,23
2021-07-11 04:00:01,25.0,20,20,21,20,20,19,20,20,22,20,20,23
2021-07-11 04:30:01,24.9,20,20,21,20,20,19,20,20,22,20,20,23
2021-07-11 05:00:01,24.8,20,20,21,20,20,19,20,20,22,20,20,23
2021-07-11 05:30:01,24.8,20,20,21,20,20,19,20,20,22,20,20,23
2021-07-11 06:00:01,24.7,20,20,21,20,20,19,20,20,22,20,20,23
2021-07-11 06:30:01,24.6,20,20,21,20,20,19,20,20,22,20,20,23
2021-07-11 07:00:01,24.5,20,20,21,20,20,19,20,20,22,20,20,23
2021-07-11 07:30:01,24.4,20,20,21,20,20,19,20,20,22,20,20,23
2021-07-11 08:00:01,24.5,20,20,21,20,20,19,20,20,22,20,20,23
2021-07-11 08:30:01,24.6,20,20,21,20,20,19,20,20,22,20,20,23
2021-07-11 09:00:01,24.7,20,20,21,20,20,19,20,20,22,20,20,23
2021-07-11 09:30:01,24.8,20,20,21,20,20,19,20,20,22,20,20,23
2021-07-11 10:00:01,24.9,20,20,21,20,20,20,20,20,22,20,20,22
2021-07-11 10:30:01,25.1,20,20,21,20,20,20,20,20,22,20,20,23
2021-07-11 11:00:01,25.4,20,20,21,20,20,20,20,20,22,20,20,23
2021-07-11 11:30:01,25.6,20,20,21,20,20,20,20,20,22,20,20,23
2021-07-11 12:00:01,25.9,20,20,21,20,20,20,20,20,22,20,20,23
2021-07-11 12:30:01,26.2,20,20,22,20,20,20,20,20,22,20,20,23
2021-07-11 13:00:01,26.6,20,20,22,20,20,20,20,20,23,20,20,23
2021-07-11 13:30:01,26.9,20,20,22,20,20,20,20,20,23,20,20,23
2021-07-11 14:00:01,27.2,20,20,22,20,20,20,20,20,23,20,20,23
2021-07-11 14:30:01,27.5,20,20,23,20,20,20,20,20,23,20,20,23
2021-07-11 15:00:01,27.7,20,20,23,20,20,20,20,20,23,20,20,24
2021-07-11 15:30:01,28.0,20,20,23,20,20,20,20,20,23,20,20,23
2021-07-11 16:00:01,28.2,20,20,23,20,20,20,20,20,23,20,20,24
2021-07-11 16:30:01,28.2,20,20,23,20,20,20,20,20,23,20,20,24
2021-07-11 17:00:01,28.2,20,20,23,20,20,20,20,20,23,20,20,24
2021-07-11 17:30:01,28.2,20,20,24,20,20,20,20,20,23,20,20,24
2021-07-11 18:00:01,28.2,20,20,23,20,20,20,20,20,23,20,20,24
2021-07-11 18:30:01,28.2,20,20,23,20,20,20,20,20,23,20,20,24
2021-07-11 19:00:01,28.2,20,20,24,20,20,20,20,20,23,20,20,24
2021-07-11 19:30:01,28.1,20,20,24,20,20,20,20,20,23,20,20,24
2021-07-11 20:00:01,28.0,20,20,23,20,20,20,20,20,23,20,20,24
2021-07-11 20:30:01,27.9,20,20,23,20,20,20,20,20,23,20,20,24
2021-07-11 21:00:01,27.8,20,20,23,20,20,20,20,20,24,20,20,24
2021-07-11 21:30:01,27.6,20,20,23,20,20,20,20,20,24,20,20,24
2021-07-11 22:00:01,27.5,20,20,23,20,20,20,20,20,24,20,20,24
2021-07-11 22:30:01,27.4,20,20,23,20,20,20,20,20,24,20,20,24
2021-07-11 23:00:01,27.3,20,20,23,20,20,20,20,20,24,20,20,24
2021-07-11 23:30:01,27.2,20,20,23,20,20,20,20,20,24,20,20,24
2021-07-12 00:00:01,27.0,20,20,23,20,20,20,20,20,24,20,20,24
2021-07-12 00:30:01,26.9,20,20,23,20,20,20,20,20,24,20,20,24
2021-07-12 01:00:01,26.8,20,20,23,20,20,20,20,20,24,20,20,24
2021-07-12 01:30:01,26.7,20,20,22,20,20,20,20,20,24,20,20,24
2021-07-12 02:00:01,26.5,20,20,22,20,20,20,20,20,23,20,20,24
2021-07-12 02:30:01,26.3,20,20,22,20,20,20,20,20,23,20,20,24
2021-07-12 03:00:01,26.2,20,20,22,20,20,20,20,20,23,20,20,23
2021-07-12 03:30:01,26.1,20,20,22,20,20,20,20,20,23,20,20,23
2021-07-12 04:00:01,26.0,20,20,22,20,20,20,20,20,23,20,20,23
2021-07-12 04:30:01,25.8,20,20,22,20,20,20,20,20,23,20,20,23
2021-07-12 05:00:01,25.6,20,20,22,20,20,20,20,20,23,20,20,23
2021-07-12 05:30:01,25.5,20,20,22,20,20,20,20,20,23,20,20,23
2021-07-12 06:00:01,25.1,20,20,21,20,20,20,20,20,23,20,20,23
2021-07-12 06:30:01,23.6,20,20,21,20,20,19,20,20,22,20,20,23
2021-07-12 07:00:01,23.3,20,20,21,20,20,19,20,20,22,20,20,23
2021-07-12 07:30:01,23.4,20,20,20,20,20,19,20,20,22,20,20,22
2021-07-12 08:00:01,23.7,20,20,20,20,20,19,20,20,22,20,20,22
2021-07-12 08:30:01,24.2,20,20,21,20,20,19,20,20,22,20,20,22
2021-07-12 09:00:01,24.5,20,20,21,20,20,19,20,20,22,20,20,22
2021-07-12 09:30:01,24.6,20,20,21,20,20,19,20,20,22,20,20,23
2021-07-12 10:00:01,24.9,20,20,21,20,20,19,20,20,22,20,20,23
2021-07-12 12:18:01,27.7,20,20,24,20,20,21,20,20,24,20,20,24
2021-07-12 12:48:01,27.1,20,20,23,20,20,21,20,20,24,20,20,24
2021-07-12 13:18:01,27.2,20,20,23,20,20,20,20,20,23,20,20,24
2021-07-12 13:48:01,27.5,20,20,23,20,20,20,20,20,24,20,20,24
2021-07-12 14:18:01,27.6,20,20,23,20,20,20,20,20,24,20,20,24
2021-07-12 14:48:01,27.9,20,20,24,20,20,20,20,20,24,20,20,24
2021-07-12 15:18:01,28.0,20,20,24,20,20,20,20,20,24,20,20,24
2021-07-12 15:48:01,28.2,20,20,24,20,20,20,20,20,24,20,20,24
2021-07-12 16:18:01,28.0,20,20,23,20,20,20,20,20,24,20,20,24
2021-07-12 16:48:01,27.8,20,20,23,20,20,20,20,20,24,20,20,24
2021-07-12 17:18:01,27.6,20,20,22,20,20,20,20,20,24,20,20,24
2021-07-12 18:06:01,28.6,20,20,26,20,20,21,20,20,24,20,20,25
2021-07-12 18:36:01,27.3,20,20,23,20,20,20,20,20,24,20,20,24
2021-07-12 19:06:01,26.7,20,20,21,20,20,20,20,20,24,20,20,24
2021-07-12 19:36:01,26.3,20,20,22,20,20,20,20,20,24,20,20,25
2021-07-12 20:06:01,26.3,20,20,21,20,20,20,20,20,24,20,20,25
2021-07-12 20:36:01,25.8,20,20,21,20,20,20,20,20,24,20,20,24
2021-07-12 21:06:01,25.7,20,20,21,20,20,20,20,20,24,20,20,25
2021-07-12 21:36:01,25.9,20,20,21,20,20,20,20,20,24,20,20,25
2021-07-12 22:06:01,25.9,20,20,21,20,20,20,20,20,24,20,20,24
2021-07-12 22:36:01,25.9,20,20,21,20,20,20,20,20,24,20,20,24
2021-07-12 23:06:01,25.8,20,20,21,20,20,19,20,20,24,20,20,24
2021-07-12 23:36:01,25.8,20,20,21,20,20,19,20,20,24,20,20,25
2021-07-13 00:06:01,25.7,20,20,21,20,20,19,20,20,24,20,20,24
2021-07-13 00:36:01,25.7,20,20,21,20,20,19,20,20,24,20,20,24
2021-07-13 01:06:01,25.6,20,20,21,20,20,19,20,20,24,20,20,24
2021-07-13 01:36:01,25.5,20,20,21,20,20,19,20,20,24,20,20,24
2021-07-13 02:06:01,25.4,20,20,21,20,20,19,20,20,24,20,20,24
2021-07-13 02:36:01,25.3,20,20,21,20,20,19,20,20,24,20,20,24
2021-07-13 03:06:01,25.2,20,20,21,20,20,19,20,20,23,20,20,24
2021-07-13 03:36:01,25.1,20,20,21,20,20,19,20,20,23,20,20,24
2021-07-13 04:06:01,25.1,20,20,21,20,20,19,20,20,23,20,20,24
2021-07-13 04:36:01,25.0,20,20,21,20,20,19,20,20,23,20,20,24
2021-07-13 05:06:01,24.9,20,20,21,20,20,19,20,20,23,20,20,23
2021-07-13 05:36:01,24.9,20,20,21,20,20,19,20,20,23,20,20,24
2021-07-13 06:06:01,24.4,20,20,21,20,20,19,20,20,23,20,20,24
2021-07-13 06:36:01,23.8,20,20,20,20,20,19,20,20,23,20,20,23
2021-07-13 07:06:01,23.8,20,20,20,20,20,19,20,20,23,20,20,23
2021-07-13 07:36:01,24.1,20,20,20,20,20,19,20,20,23,20,20,23
2021-07-13 08:41:01,24.6,20,20,21,20,20,20,20,20,23,20,20,23
2021-07-13 09:11:01,24.6,20,20,21,20,20,20,20,20,23,20,20,22
2021-07-13 09:41:01,24.6,20,20,21,20,20,20,20,20,23,20,20,22
2021-07-13 10:32:01,25.5,20,20,22,20,20,20,20,20,23,20,20,23
2021-07-13 11:02:01,25.3,20,20,21,20,20,20,20,20,23,20,20,23
2021-07-13 11:32:01,26.0,20,20,22,20,20,20,20,20,24,20,20,23
2021-07-13 12:02:01,26.4,20,20,23,20,20,20,20,20,24,20,20,23
2021-07-13 12:32:01,26.8,20,20,23,20,20,20,20,20,24,20,20,24
2021-07-13 13:02:01,26.9,20,20,23,20,20,21,20,20,24,20,20,24
2021-07-13 13:32:01,26.6,20,20,24,20,20,21,20,20,24,20,20,24
2021-07-13 14:02:01,26.6,20,20,24,20,20,21,20,20,24,20,20,24
2021-07-13 14:32:01,26.5,20,20,23,20,20,21,20,20,24,20,20,24
2021-07-13 15:02:01,26.1,20,20,23,20,20,21,20,20,24,20,20,24
2021-07-13 15:32:01,26.1,20,20,23,20,20,21,20,20,24,20,20,24
2021-07-13 16:02:01,26.1,20,20,23,20,20,21,20,20,24,20,20,24
2021-07-13 16:32:01,25.8,20,20,22,20,20,21,20,20,24,20,20,24
2021-07-13 17:02:01,25.6,20,20,22,20,20,21,20,20,24,20,20,24
2021-07-13 17:32:01,25.6,20,20,22,20,20,20,20,20,24,20,20,24
2021-07-13 18:02:01,25.7,20,20,22,20,20,20,20,20,24,20,20,24
2021-07-13 18:32:01,25.6,20,20,22,20,20,20,20,20,24,20,20,24
2021-07-13 19:02:01,25.4,20,20,22,20,20,20,20,20,24,20,20,24
2021-07-13 19:32:01,25.3,20,20,22,20,20,20,20,20,24,20,20,24
2021-07-13 20:02:01,24.9,20,20,22,20,20,20,20,20,23,20,20,24
2021-07-13 20:32:01,24.5,20,20,22,20,20,20,20,20,23,20,20,24
2021-07-13 21:02:01,24.6,20,20,21,20,20,20,20,20,23,20,20,23
2021-07-13 21:32:01,25.2,20,20,21,20,20,20,20,20,23,20,20,24
2021-07-13 22:02:01,25.4,20,20,22,20,20,20,20,20,23,20,20,23
2021-07-13 22:32:01,25.6,20,20,22,20,20,20,20,20,23,20,20,23
2021-07-13 23:02:01,25.3,20,20,21,20,20,20,20,20,23,20,20,23
2021-07-13 23:32:01,24.9,20,20,21,20,20,20,20,20,23,20,20,23
2021-07-14 00:02:01,24.8,20,20,20,20,20,20,20,20,23,20,20,23
2021-07-14 00:32:01,24.9,20,20,21,20,20,20,20,20,23,20,20,23
2021-07-14 01:02:01,24.9,20,20,20,20,20,19,20,20,23,20,20,23
2021-07-14 01:32:01,24.7,20,20,20,20,20,19,20,20,23,20,20,23
2021-07-14 02:02:01,24.7,20,20,20,20,20,19,20,20,23,20,20,23
2021-07-14 02:32:01,24.6,20,20,20,20,20,19,20,20,22,20,20,23
2021-07-14 03:02:01,24.4,20,20,20,20,20,19,20,20,22,20,20,23
2021-07-14 03:32:01,24.4,20,20,20,20,20,19,20,20,23,20,20,23
2021-07-14 04:02:01,24.5,20,20,20,20,20,19,20,20,23,20,20,23
2021-07-14 04:32:01,24.4,20,20,20,20,20,19,20,20,23,20,20,23
2021-07-14 05:02:01,24.4,20,20,20,20,20,19,20,20,23,20,20,23
2021-07-14 05:32:01,24.2,20,20,20,20,20,19,20,20,23,20,20,23
2021-07-14 06:02:01,24.0,20,20,20,20,20,19,20,20,23,20,20,23
2021-07-14 06:32:01,22.3,20,20,20,20,20,19,20,20,22,20,20,23
2021-07-14 07:02:01,21.8,20,20,20,20,20,19,20,20,22,20,20,23
2021-07-14 07:32:01,21.8,20,20,20,20,20,19,20,20,22,20,20,23
2021-07-14 08:02:01,22.1,20,20,20,20,20,19,20,20,22,20,20,22
2021-07-14 08:32:01,22.3,20,20,20,20,20,20,20,20,22,20,20,23
2021-07-14 09:02:01,22.8,20,20,21,20,20,20,20,20,22,20,20,22
2021-07-14 09:32:01,23.1,20,20,20,20,20,20,20,20,22,20,20,22
2021-07-14 10:02:01,23.3,20,20,20,20,20,20,20,20,22,20,20,22
2021-07-14 10:32:01,23.1,20,20,20,20,20,20,20,20,22,20,20,23
2021-07-14 11:02:01,23.3,20,20,20,20,20,20,20,20,22,20,20,22
2021-07-14 11:32:01,23.1,20,20,20,20,20,20,20,20,22,20,20,22
2021-07-14 12:02:01,23.2,20,20,20,20,20,20,20,20,22,20,20,22
2021-07-14 12:32:01,23.7,20,20,21,20,20,19,20,20,22,20,20,22
2021-07-14 13:02:01,23.6,20,20,20,20,20,19,20,20,22,20,20,22
2021-07-14 13:32:01,23.7,20,20,20,20,20,20,20,20,22,20,20,22
2021-07-14 14:02:01,23.8,20,20,20,20,20,19,20,20,22,20,20,22
2021-07-14 14:32:01,24.2,20,20,20,20,20,19,20,20,22,20,20,22
2021-07-14 15:02:01,24.0,20,20,20,20,20,19,20,20,22,20,20,22
2021-07-14 15:34:01,24.3,20,20,20,20,20,19,20,20,22,20,20,22
2021-07-14 16:04:01,24.3,20,20,20,20,20,19,20,20,22,20,20,22
2021-07-14 16:34:01,24.6,20,20,21,20,20,19,20,20,22,20,20,23
2021-07-14 17:05:01,24.2,20,20,20,20,20,19,20,20,22,20,20,22
2021-07-14 17:35:01,24.2,20,20,20,20,20,19,20,20,22,20,20,23
2021-07-14 18:05:01,24.2,20,20,21,20,20,19,20,20,22,20,20,23
2021-07-14 18:35:01,24.3,20,20,21,20,20,19,20,20,22,20,20,23
2021-07-14 19:05:01,24.1,20,20,20,20,20,19,20,20,22,20,20,23
2021-07-14 19:35:01,23.8,20,20,20,20,20,19,20,20,22,20,20,22
2021-07-14 20:05:01,23.8,20,20,20,20,20,20,20,20,22,20,20,22
2021-07-14 20:35:01,23.7,20,20,20,20,20,20,20,20,22,20,20,23
2021-07-14 21:05:01,24.2,20,20,20,20,20,20,20,20,22,20,20,23
2021-07-14 21:35:01,24.4,20,20,21,20,20,19,20,20,22,20,20,23
2021-07-14 22:05:01,24.4,20,20,21,20,20,19,20,20,22,20,20,23
2021-07-14 22:35:01,24.2,20,20,20,20,20,19,20,20,22,20,20,23
2021-07-14 23:05:01,24.3,20,20,20,20,20,19,20,20,22,20,20,23
2021-07-14 23:35:01,24.3,20,20,20,20,20,19,20,20,22,20,20,23
2021-07-15 00:05:01,24.3,20,20,21,20,20,19,20,20,22,20,20,23
2021-07-15 00:35:01,24.1,20,20,20,20,20,19,20,20,22,20,20,23
2021-07-15 01:05:01,23.9,20,20,20,20,20,19,20,20,22,20,20,23
2021-07-15 01:35:01,23.9,20,20,20,20,20,19,20,20,22,20,20,23
2021-07-15 02:05:01,23.7,20,20,20,20,20,19,20,20,22,20,20,22
2021-07-15 02:35:01,23.9,20,20,20,20,20,19,20,20,22,20,20,22
2021-07-15 03:05:01,23.8,20,20,20,20,20,19,20,20,22,20,20,22
2021-07-15 03:35:01,23.8,20,20,20,20,20,19,20,20,22,20,20,22
2021-07-15 04:05:01,23.8,20,20,20,20,20,19,20,20,22,20,20,22
2021-07-15 04:35:01,23.6,20,20,20,20,20,19,20,20,22,20,20,23
2021-07-15 05:05:01,23.8,20,20,21,20,20,19,20,20,22,20,20,22
2021-07-15 05:35:01,23.7,20,20,20,20,20,19,20,20,22,20,20,22
2021-07-15 06:05:01,23.2,20,20,20,20,20,19,20,20,22,20,20,22
2021-07-15 06:35:01,22.6,20,20,20,20,20,20,20,20,22,20,20,22
2021-07-15 07:05:01,22.2,20,20,20,20,20,20,20,20,22,20,20,22
2021-07-15 07:35:01,22.3,20,20,20,20,20,20,20,20,22,20,20,21
2021-07-15 08:05:01,22.5,20,20,20,20,20,20,20,20,22,20,20,21
2021-07-15 08:35:01,22.7,20,20,20,20,20,20,20,20,22,20,20,21
2021-07-15 09:05:01,22.7,20,20,20,20,20,19,20,20,22,20,20,21
2021-07-15 09:35:01,22.8,20,20,20,20,20,19,20,20,22,20,20,21
2021-07-15 10:05:01,22.8,20,20,20,20,20,19,20,20,22,20,20,22
2021-07-15 10:36:01,22.8,20,20,20,20,20,19,20,20,22,20,20,22
2021-07-15 11:07:01,22.9,20,20,20,20,20,19,20,20,22,20,20,22
2021-07-15 11:37:01,23.3,20,20,20,20,20,20,20,20,22,20,20,21
2021-07-15 12:07:01,23.3,20,20,20,20,20,20,20,20,21,20,20,21
2021-07-15 12:37:01,23.8,20,20,21,20,20,20,20,20,22,20,20,22
2021-07-15 13:07:01,23.7,20,20,20,20,20,20,20,20,22,20,20,22
2021-07-15 13:37:01,23.9,20,20,20,20,20,20,20,20,22,20,20,22
2021-07-15 14:07:01,23.9,20,20,20,20,20,20,20,20,22,20,20,22
2021-07-15 14:37:01,24.1,20,20,20,20,20,20,20,20,22,20,20,22
2021-07-15 15:07:01,23.8,20,20,21,20,20,20,20,20,22,20,20,22
2021-07-15 15:37:01,23.9,20,20,21,20,20,20,20,20,22,20,20,22
2021-07-15 16:07:01,24.1,20,20,21,20,20,20,20,20,22,20,20,22
2021-07-15 16:37:01,24.3,20,20,20,20,20,20,20,20,22,20,20,22
2021-07-15 17:08:01,24.3,20,20,21,20,20,20,20,20,22,20,20,22
2021-07-15 17:38:01,24.6,20,20,21,20,20,20,20,20,22,20,20,22
2021-07-15 18:08:01,24.3,20,20,20,20,20,20,20,20,22,20,20,22
2021-07-15 18:40:01,24.2,20,20,20,20,20,20,20,20,22,20,20,22
2021-07-15 19:10:01,24.5,20,20,21,20,20,20,20,20,22,20,20,22
2021-07-15 19:40:01,24.4,20,20,20,20,20,20,20,20,22,20,20,22
2021-07-15 20:10:01,24.2,20,20,21,20,20,20,20,20,22,20,20,22
2021-07-15 20:41:01,23.9,20,20,20,20,20,20,20,20,22,20,20,22
2021-07-15 21:11:01,24.1,20,20,21,20,20,20,20,20,22,20,20,22
2021-07-15 21:41:01,24.4,20,20,21,20,20,20,20,20,22,20,20,22
2021-07-15 22:11:01,24.3,20,20,20,20,20,20,20,20,22,20,20,23
2021-07-15 22:41:01,24.3,20,20,21,20,20,20,20,20,22,20,20,22
2021-07-15 23:11:01,24.3,20,20,20,20,20,20,20,20,22,20,20,22
2021-07-15 23:41:01,24.2,20,20,20,20,20,20,20,20,22,20,20,22
2021-07-16 00:11:01,24.2,20,20,20,20,20,20,20,20,22,20,20,22
2021-07-16 00:41:01,24.1,20,20,20,20,20,20,20,20,22,20,20,22
2021-07-16 01:11:01,24.2,20,20,20,20,20,20,20,20,22,20,20,22
2021-07-16 01:41:01,24.0,20,20,20,20,20,19,20,20,22,20,20,22
2021-07-16 02:11:01,24.0,20,20,20,20,20,19,20,20,22,20,20,22
2021-07-16 02:41:01,24.2,20,20,21,20,20,19,20,20,22,20,20,22
2021-07-16 03:11:01,24.1,20,20,20,20,20,19,20,20,22,20,20,23
2021-07-16 03:41:01,23.9,20,20,20,20,20,19,20,20,22,20,20,22
2021-07-16 04:11:01,23.8,20,20,20,20,20,19,20,20,22,20,20,22
2021-07-16 04:41:01,23.9,20,20,21,20,20,19,20,20,22,20,20,22
2021-07-16 05:11:01,23.9,20,20,21,20,20,19,20,20,22,20,20,22
2021-07-16 05:41:01,23.8,20,20,20,20,20,19,20,20,22,20,20,22
2021-07-16 06:11:01,22.8,20,20,20,20,20,19,20,20,22,20,20,22
2021-07-16 06:41:01,22.9,20,20,21,20,20,19,20,20,22,20,20,22
2021-07-16 07:11:01,22.8,20,20,20,20,20,19,20,20,22,20,20,22
2021-07-16 07:41:01,22.9,20,20,21,20,20,19,20,20,22,20,20,22
2021-07-16 08:11:01,22.9,20,20,20,20,20,19,20,20,22,20,20,22
2021-07-16 08:42:01,22.9,20,20,20,20,20,19,20,20,22,20,20,22
2021-07-16 09:12:01,23.0,20,20,20,20,20,19,20,20,22,20,20,22
2021-07-16 09:43:01,23.2,20,20,20,20,20,19,20,20,22,20,20,22
2021-07-16 10:13:01,23.2,20,20,20,20,20,20,20,20,22,20,20,22
2021-07-16 10:44:01,23.3,20,20,20,20,20,19,20,20,22,20,20,22
2021-07-16 11:14:01,23.4,20,20,20,20,20,20,20,20,22,20,20,22
2021-07-16 11:44:01,23.3,20,20,20,20,20,20,20,20,22,20,20,23
2021-07-16 12:14:01,23.6,20,20,20,20,20,19,20,20,22,20,20,22
2021-07-16 12:44:01,23.7,20,20,20,20,20,20,20,20,22,20,20,22
2021-07-16 13:14:01,23.6,20,20,20,20,20,19,20,20,22,20,20,22
2021-07-16 13:44:01,23.6,20,20,20,20,20,19,20,20,22,20,20,22
2021-07-16 14:14:01,23.4,20,20,20,20,20,19,20,20,22,20,20,22
2021-07-16 14:44:01,23.5,20,20,20,20,20,20,20,20,22,20,20,22
2021-07-16 15:14:01,23.2,20,20,20,20,20,19,20,20,22,20,20,22
2021-07-16 15:44:01,23.0,20,20,20,20,20,19,20,20,22,20,20,22
2021-07-16 16:14:01,23.4,20,20,20,20,20,19,20,20,22,20,20,22
2021-07-16 16:44:01,23.2,20,20,20,20,20,20,20,20,22,20,20,22
2021-07-16 17:14:01,23.2,20,20,20,20,20,19,20,20,22,20,20,22
2021-07-16 17:44:01,23.3,20,20,20,20,20,20,20,20,22,20,20,22
2021-07-16 18:14:01,23.1,20,20,20,20,20,19,20,20,22,20,20,22
2021-07-16 18:44:01,23.2,20,20,20,20,20,20,20,20,22,20,20,22
2021-07-16 19:14:01,23.1,20,20,20,20,20,20,20,20,22,20,20,22
2021-07-16 19:44:01,23.2,20,20,20,20,20,20,20,20,21,20,20,22
2021-07-16 20:14:01,23.4,20,20,20,20,20,20,20,20,21,20,20,22
2021-07-16 20:44:01,23.7,20,20,20,20,20,20,20,20,22,20,20,22
2021-07-16 21:14:01,23.6,20,20,20,20,20,20,20,20,22,20,20,22
2021-07-16 21:44:01,23.5,20,20,20,20,20,20,20,20,22,20,20,22
2021-07-16 22:14:01,23.6,20,20,20,20,20,20,20,20,22,20,20,22
2021-07-16 22:44:01,23.6,20,20,20,20,20,20,20,20,22,20,20,22
2021-07-16 23:14:01,23.6,20,20,20,20,20,20,20,20,22,20,20,22
2021-07-16 23:44:01,23.6,20,20,20,20,20,20,20,20,22,20,20,22
2021-07-17 00:14:01,23.6,20,20,20,20,20,20,20,20,22,20,20,22
2021-07-17 00:44:01,23.6,20,20,20,20,20,20,20,20,22,20,20,22
2021-07-17 01:14:01,23.6,20,20,20,20,20,20,20,20,22,20,20,22
2021-07-17 01:44:01,23.6,20,20,20,20,20,20,20,20,22,20,20,22
2021-07-17 02:14:01,23.5,20,20,20,20,20,19,20,20,22,20,20,22
2021-07-17 02:44:01,23.5,20,20,20,20,20,19,20,20,21,20,20,22
2021-07-17 03:14:01,23.4,20,20,20,20,20,19,20,20,21,20,20,22
2021-07-17 03:44:01,23.4,20,20,20,20,20,19,20,20,22,20,20,22
2021-07-17 04:14:01,23.3,20,20,20,20,20,19,20,20,22,20,20,22
2021-07-17 04:44:01,23.4,20,20,20,20,20,19,20,20,22,20,20,22
2021-07-17 05:14:01,23.4,20,20,20,20,20,19,20,20,22,20,20,22
2021-07-17 05:44:01,23.3,20,20,20,20,20,19,20,20,22,20,20,22
2021-07-17 06:14:01,23.2,20,20,20,20,20,19,20,20,22,20,20,22
2021-07-17 06:44:01,23.2,20,20,20,20,20,19,20,20,22,20,20,22
2021-07-17 07:14:01,23.1,20,20,20,20,20,19,20,20,22,20,20,22
2021-07-17 07:44:01,23.3,20,20,20,20,20,19,20,20,22,20,20,22
2021-07-17 08:14:01,23.3,20,20,20,20,20,19,20,20,22,20,20,22
2021-07-17 08:44:01,23.3,20,20,20,20,20,19,20,20,22,20,20,22
2021-07-17 09:14:01,23.3,20,20,20,20,20,19,20,20,22,20,20,22
2021-07-17 09:44:01,23.3,20,20,20,20,20,19,20,20,22,20,20,22
2021-07-17 10:14:01,23.3,20,20,20,20,20,19,20,20,22,20,20,22
2021-07-17 10:44:01,23.5,20,20,20,20,20,19,20,20,22,20,20,22
2021-07-17 11:14:01,23.6,20,20,20,20,20,19,20,20,22,20,20,22
2021-07-17 11:44:01,23.7,20,20,20,20,20,19,20,20,22,20,20,22
2021-07-17 12:14:01,23.9,20,20,20,20,20,19,20,20,22,20,20,22
2021-07-17 12:44:01,23.9,20,20,21,20,20,19,20,20,22,20,20,22
2021-07-17 13:14:01,24.0,20,20,21,20,20,19,20,20,22,20,20,22
2021-07-17 13:44:01,24.2,20,20,21,20,20,19,20,20,22,20,20,22
2021-07-17 14:14:01,24.2,20,20,20,20,20,19,20,20,22,20,20,22
2021-07-17 14:44:01,24.2,20,20,20,20,20,19,20,20,22,20,20,22
2021-07-17 15:14:01,24.3,20,20,20,20,20,19,20,20,22,20,20,23
2021-07-17 15:44:01,24.4,20,20,20,20,20,19,20,20,22,20,20,23
2021-07-17 16:14:01,24.5,20,20,21,20,20,19,20,20,22,20,20,23
2021-07-17 16:44:01,24.4,20,20,20,20,20,19,20,20,22,20,20,23
2021-07-17 17:14:01,24.7,20,20,21,20,20,19,20,20,22,20,20,23
2021-07-17 17:44:01,24.6,20,20,20,20,20,19,20,20,22,20,20,23
2021-07-17 18:14:01,24.6,20,20,20,20,20,19,20,20,22,20,20,23
2021-07-17 18:44:01,24.8,20,20,21,20,20,19,20,20,22,20,20,23
2021-07-17 19:14:01,24.5,20,20,20,20,20,19,20,20,22,20,20,23
2021-07-17 19:44:01,24.6,20,20,21,20,20,19,20,20,22,20,20,23
2021-07-17 20:14:01,24.5,20,20,20,20,20,19,20,20,22,20,20,23
2021-07-17 20:44:01,24.4,20,20,21,20,20,19,20,20,22,20,20,23
2021-07-17 21:14:01,24.3,20,20,20,20,20,19,20,20,22,20,20,23
2021-07-17 21:44:01,24.5,20,20,20,20,20,19,20,20,22,20,20,23
2021-07-17 22:14:01,24.3,20,20,20,20,20,19,20,20,22,20,20,23
2021-07-17 22:44:01,24.2,20,20,20,20,20,19,20,20,22,20,20,23
2021-07-17 23:14:01,24.4,20,20,20,20,20,20,20,20,22,20,20,23
2021-07-17 23:44:01,24.2,20,20,20,20,20,20,20,20,22,20,20,23
2021-07-18 00:14:01,24.1,20,20,20,20,20,20,20,20,22,20,20,23
2021-07-18 00:44:01,24.3,20,20,20,20,20,20,20,20,22,20,20,23
2021-07-18 01:14:01,24.2,20,20,21,20,20,20,20,20,22,20,20,23
2021-07-18 01:44:01,24.0,20,20,20,20,20,20,20,20,22,20,20,23
2021-07-18 02:14:01,24.1,20,20,20,20,20,20,20,20,22,20,20,22
2021-07-18 02:44:01,24.1,20,20,20,20,20,19,20,20,22,20,20,22
2021-07-18 03:14:01,24.1,20,20,20,20,20,19,20,20,22,20,20,23
2021-07-18 03:44:01,24.0,20,20,20,20,20,19,20,20,22,20,20,22
2021-07-18 04:14:01,24.0,20,20,21,20,20,19,20,20,22,20,20,22
2021-07-18 04:44:01,23.7,20,20,20,20,20,19,20,20,22,20,20,22
2021-07-18 05:14:01,23.8,20,20,20,20,20,19,20,20,22,20,20,22
2021-07-18 05:44:01,23.8,20,20,20,20,20,19,20,20,22,20,20,22
2021-07-18 06:14:01,23.8,20,20,20,20,20,19,20,20,22,20,20,23
2021-07-18 06:44:01,23.9,20,20,20,20,20,19,20,20,22,20,20,22
2021-07-18 07:14:01,23.9,20,20,20,20,20,19,20,20,22,20,20,22
2021-07-18 07:44:01,24.0,20,20,21,20,20,19,20,20,22,20,20,22
2021-07-18 08:14:01,24.0,20,20,20,20,20,19,20,20,22,20,20,22
2021-07-18 08:44:01,24.0,20,20,20,20,20,19,20,20,22,20,20,22
2021-07-18 09:14:01,23.9,20,20,20,20,20,19,20,20,22,20,20,22
2021-07-18 09:44:01,23.8,20,20,20,20,20,19,20,20,22,20,20,22
2021-07-18 10:14:01,24.0,20,20,20,20,20,19,20,20,22,20,20,22
2021-07-18 10:44:01,24.2,20,20,20,20,20,19,20,20,22,20,20,22
2021-07-18 11:14:01,24.5,20,20,21,20,20,19,20,20,22,20,20,22
2021-07-18 11:44:01,24.6,20,20,20,20,20,19,20,20,22,20,20,22
2021-07-18 12:14:01,24.7,20,20,20,20,20,19,20,20,22,20,20,22
2021-07-18 12:44:01,24.9,20,20,20,20,20,19,20,20,22,20,20,22
2021-07-18 13:14:01,25.1,20,20,20,20,20,19,20,20,22,20,20,23
2021-07-18 13:44:01,25.4,20,20,20,20,20,19,20,20,22,20,20,23
2021-07-18 14:14:01,25.5,20,20,21,20,20,19,20,20,22,20,20,23
2021-07-18 14:44:01,25.4,20,20,21,20,20,19,20,20,22,20,20,23
2021-07-18 15:14:01,25.6,20,20,21,20,20,19,20,20,22,20,20,23
2021-07-18 15:44:01,25.7,20,20,21,20,20,19,20,20,22,20,20,23
2021-07-18 16:14:01,26.0,20,20,21,20,20,19,20,20,22,20,20,23
2021-07-18 16:44:01,26.1,20,20,21,20,20,19,20,20,23,20,20,23
2021-07-18 17:14:01,26.2,20,20,21,20,20,19,20,20,23,20,20,23
2021-07-18 17:44:01,26.0,20,20,21,20,20,19,20,20,22,20,20,23
2021-07-18 18:14:01,25.8,20,20,21,20,20,19,20,20,22,20,20,23
2021-07-18 18:44:01,25.7,20,20,21,20,20,20,20,20,22,20,20,23
2021-07-18 19:14:01,25.8,20,20,21,20,20,20,20,20,23,20,20,23
2021-07-18 19:44:01,25.6,20,20,21,20,20,20,20,20,22,20,20,23
2021-07-18 20:14:01,25.5,20,20,21,20,20,20,20,20,23,20,20,23
2021-07-18 20:44:01,25.5,20,20,21,20,20,20,20,20,23,20,20,23
2021-07-18 21:14:01,25.4,20,20,21,20,20,19,20,20,23,20,20,24
2021-07-18 21:44:01,25.3,20,20,21,20,20,19,20,20,23,20,20,24
2021-07-18 22:14:01,25.3,20,20,20,20,20,19,20,20,23,20,20,24
2021-07-18 22:44:01,25.1,20,20,20,20,20,19,20,20,23,20,20,24
2021-07-18 23:14:01,25.1,20,20,21,20,20,19,20,20,23,20,20,24
2021-07-18 23:44:01,25.1,20,20,20,20,20,19,20,20,23,20,20,24
2021-07-19 00:14:01,24.9,20,20,21,20,20,19,20,20,23,20,20,24
2021-07-19 00:44:01,24.9,20,20,20,20,20,19,20,20,23,20,20,23
2021-07-19 01:14:01,24.8,20,20,20,20,20,19,20,20,22,20,20,23
2021-07-19 01:44:01,24.7,20,20,20,20,20,19,20,20,22,20,20,23
2021-07-19 02:14:01,24.6,20,20,20,20,20,19,20,20,22,20,20,23
2021-07-19 02:44:01,24.5,20,20,20,20,20,19,20,20,23,20,20,23
2021-07-19 03:14:01,24.4,20,20,20,20,20,19,20,20,22,20,20,23
2021-07-19 03:44:01,24.6,20,20,20,20,20,19,20,20,22,20,20,23
2021-07-19 04:14:01,24.5,20,20,20,20,20,19,20,20,22,20,20,23
2021-07-19 04:44:01,24.6,20,20,21,20,20,19,20,20,22,20,20,23
2021-07-19 05:14:01,24.3,20,20,20,20,20,20,20,20,22,20,20,23
2021-07-19 05:44:01,24.5,20,20,20,20,20,20,20,20,22,20,20,23
2021-07-19 06:14:01,23.7,20,20,21,20,20,20,20,20,22,20,20,23
2021-07-19 06:44:01,23.6,20,20,20,20,20,20,20,20,22,20,20,23
2021-07-19 07:14:01,23.4,20,20,20,20,20,20,20,20,22,20,20,23
2021-07-19 07:44:01,23.6,20,20,20,20,20,20,20,20,22,20,20,23
2021-07-19 08:14:01,23.9,20,20,20,20,20,20,20,20,22,20,20,22
2021-07-19 08:44:01,24.3,20,20,21,20,20,20,20,20,22,20,20,23
2021-07-19 09:14:01,24.6,20,20,20,20,20,20,20,20,22,20,20,23
2021-07-19 09:44:01,24.8,20,20,21,20,20,19,20,20,22,20,20,23
2021-07-19 10:14:01,25.0,20,20,21,20,20,20,20,20,22,20,20,23
2021-07-19 10:44:01,25.1,20,20,20,20,20,19,20,20,22,20,20,23
2021-07-19 11:14:01,25.6,20,20,21,20,20,19,20,20,22,20,20,23
2021-07-19 11:44:01,26.1,20,20,21,20,20,19,20,20,22,20,20,23
2021-07-19 12:14:01,26.4,20,20,21,20,20,19,20,20,22,20,20,23
2021-07-19 12:44:01,26.5,20,20,21,20,20,20,20,20,23,20,20,23
2021-07-19 13:15:01,26.6,20,20,21,20,20,20,20,20,23,20,20,23
2021-07-19 13:45:01,27.2,20,20,22,20,20,20,20,20,23,20,20,24
2021-07-19 14:15:01,27.7,20,20,22,20,20,20,20,20,23,20,20,24
2021-07-19 14:45:01,28.2,20,20,22,20,20,20,20,20,23,20,20,24
2021-07-19 15:15:01,28.5,20,20,23,20,20,20,20,20,23,20,20,24
2021-07-19 16:05:01,28.7,20,20,24,20,20,20,20,20,24,20,20,25
2021-07-19 16:35:01,28.3,20,20,23,20,20,20,20,20,24,20,20,25
2021-07-19 17:05:01,28.0,20,20,22,20,20,20,20,20,24,20,20,24
2021-07-19 17:35:01,28.0,20,20,22,20,20,20,20,20,24,20,20,24
2021-07-19 18:05:01,28.1,20,20,22,20,20,20,20,20,24,20,20,25
2021-07-19 18:35:01,27.8,20,20,22,20,20,20,20,20,24,20,20,25
2021-07-19 19:05:01,27.4,20,20,22,20,20,20,20,20,24,20,20,25
2021-07-19 19:35:01,27.1,20,20,22,20,20,20,20,20,24,20,20,25
2021-07-19 20:05:01,26.9,20,20,22,20,20,20,20,20,24,20,20,25
2021-07-19 20:35:01,26.7,20,20,22,20,20,20,20,20,24,20,20,25
2021-07-19 21:05:01,26.3,20,20,21,20,20,20,20,20,24,20,20,25
2021-07-19 21:35:01,26.1,20,20,21,20,20,19,20,20,24,20,20,24
2021-07-19 22:05:01,25.9,20,20,21,20,20,19,20,20,24,20,20,24
2021-07-19 22:35:01,25.7,20,20,21,20,20,19,20,20,24,20,20,24
2021-07-19 23:05:01,25.6,20,20,21,20,20,19,20,20,24,20,20,24
2021-07-19 23:35:01,25.6,20,20,21,20,20,19,20,20,24,20,20,24
2021-07-20 00:05:01,25.5,20,20,21,20,20,19,20,20,24,20,20,24
2021-07-20 00:35:01,25.4,20,20,21,20,20,19,20,20,23,20,20,24
2021-07-20 01:05:01,25.2,20,20,20,20,20,19,20,20,23,20,20,24
2021-07-20 01:35:01,25.1,20,20,21,20,20,19,20,20,23,20,20,24
2021-07-20 02:05:01,25.0,20,20,20,20,20,19,20,20,23,20,20,24
2021-07-20 02:35:01,24.9,20,20,20,20,20,19,20,20,23,20,20,24
2021-07-20 03:05:01,24.8,20,20,20,20,20,19,20,20,23,20,20,24
2021-07-20 03:35:01,24.7,20,20,20,20,20,19,20,20,23,20,20,24
2021-07-20 04:05:01,24.8,20,20,20,20,20,19,20,20,23,20,20,24
2021-07-20 04:35:01,24.6,20,20,20,20,20,20,20,20,23,20,20,23
2021-07-20 05:05:01,24.5,20,20,20,20,20,20,20,20,23,20,20,24
2021-07-20 05:35:01,24.6,20,20,20,20,20,20,20,20,23,20,20,23
2021-07-20 06:05:01,23.8,20,20,20,20,20,20,20,20,22,20,20,23
2021-07-20 06:35:01,24.1,20,20,20,20,20,20,20,20,22,20,20,23
2021-07-20 07:05:01,23.6,20,20,21,20,20,20,20,20,22,20,20,23
2021-07-20 07:35:01,24.0,20,20,21,20,20,20,20,20,22,20,20,23
2021-07-20 08:05:01,23.6,20,20,21,20,20,20,20,20,22,20,20,23
2021-07-20 08:35:01,24.1,20,20,21,20,20,20,20,20,23,20,20,23
2021-07-20 09:05:01,24.2,20,20,21,20,20,20,20,20,23,20,20,23
2021-07-20 09:35:01,24.6,20,20,21,20,20,20,20,20,23,20,20,23
2021-07-20 10:05:01,25.0,20,20,22,20,20,20,20,20,24,20,20,24
2021-07-20 10:35:01,25.3,20,20,22,20,20,20,20,20,24,20,20,24
2021-07-20 11:06:01,25.7,20,20,22,20,20,20,20,20,24,20,20,24
2021-07-20 11:36:01,26.1,20,20,22,20,20,20,20,20,24,20,20,24
2021-07-20 12:06:01,26.2,20,20,23,20,20,21,20,20,24,20,20,24
2021-07-20 12:36:01,26.6,20,20,23,20,20,21,20,20,24,20,20,24
2021-07-20 13:06:01,26.8,20,20,23,20,20,21,20,20,24,20,20,24
2021-07-20 13:36:01,27.2,20,20,23,20,20,21,20,20,24,20,20,24
2021-07-20 14:06:01,27.4,20,20,23,20,20,20,20,20,24,20,20,24
2021-07-20 14:36:01,27.6,20,20,23,20,20,20,20,20,24,20,20,24
2021-07-20 15:06:01,27.7,20,20,23,20,20,20,20,20,24,20,20,24
2021-07-20 15:36:01,28.0,20,20,23,20,20,20,20,20,24,20,20,24
2021-07-20 16:06:01,28.1,20,20,23,20,20,20,20,20,24,20,20,24
2021-07-20 16:36:01,28.0,20,20,24,20,20,20,20,20,24,20,20,24
2021-07-20 17:06:01,28.2,20,20,24,20,20,21,20,20,24,20,20,24
2021-07-20 17:36:01,28.2,20,20,23,20,20,21,20,20,24,20,20,24
2021-07-20 18:06:01,27.6,20,20,23,20,20,21,20,20,24,20,20,24
2021-07-20 18:36:01,27.4,20,20,23,20,20,21,20,20,24,20,20,24
2021-07-20 19:06:01,27.2,20,20,23,20,20,20,20,20,24,20,20,24
2021-07-20 19:36:01,27.2,20,20,23,20,20,20,20,20,24,20,20,24
2021-07-20 20:06:01,26.6,20,20,22,20,20,20,20,20,24,20,20,24
2021-07-20 20:36:01,26.6,20,20,22,20,20,20,20,20,24,20,20,24
2021-07-20 21:06:01,26.3,20,20,22,20,20,20,20,20,24,20,20,24
2021-07-20 21:36:01,26.1,20,20,22,20,20,20,20,20,24,20,20,24
2021-07-20 22:06:01,26.2,20,20,22,20,20,20,20,20,24,20,20,24
2021-07-20 22:36:01,26.0,20,20,22,20,20,20,20,20,24,20,20,24
2021-07-20 23:06:01,25.9,20,20,21,20,20,20,20,20,24,20,20,24
2021-07-20 23:36:01,25.8,20,20,21,20,20,20,20,20,24,20,20,24
2021-07-21 00:06:01,25.6,20,20,21,20,20,20,20,20,24,20,20,24
2021-07-21 00:36:01,25.5,20,20,21,20,20,20,20,20,24,20,20,24
2021-07-21 01:06:01,25.4,20,20,21,20,20,20,20,20,24,20,20,24
2021-07-21 01:36:01,25.5,20,20,21,20,20,20,20,20,24,20,20,24
2021-07-21 02:06:01,25.3,20,20,21,20,20,20,20,20,24,20,20,24
2021-07-21 02:36:01,25.2,20,20,21,20,20,20,20,20,24,20,20,24
2021-07-21 03:06:01,25.1,20,20,21,20,20,20,20,20,23,20,20,24
2021-07-21 03:36:01,25.0,20,20,21,20,20,20,20,20,23,20,20,24
2021-07-21 04:06:01,25.0,20,20,21,20,20,19,20,20,23,20,20,24
2021-07-21 04:36:01,24.8,20,20,21,20,20,19,20,20,23,20,20,24
2021-07-21 05:06:01,24.8,20,20,20,20,20,19,20,20,23,20,20,24
2021-07-21 05:36:01,24.7,20,20,20,20,20,19,20,20,23,20,20,24
2021-07-21 06:06:01,24.2,20,20,20,20,20,19,20,20,23,20,20,24
2021-07-21 06:36:01,24.5,20,20,22,20,20,19,20,20,23,20,20,24
2021-07-21 07:06:01,24.1,20,20,23,20,20,19,20,20,23,20,20,23
2021-07-21 07:36:01,23.8,20,20,21,20,20,19,20,20,23,20,20,23
2021-07-21 08:06:01,23.8,20,20,21,20,20,19,20,20,23,20,20,24
2021-07-21 08:36:01,24.1,20,20,21,20,20,19,20,20,23,20,20,23
2021-07-21 09:06:01,24.3,20,20,21,20,20,20,20,20,23,20,20,23
2021-07-21 09:36:01,24.5,20,20,21,20,20,20,20,20,23,20,20,23
2021-07-21 10:06:01,24.7,20,20,21,20,20,20,20,20,23,20,20,23
